chi2=0.9454352978678449
e0=10435.189000173903
lt=5197.626839319792
e0u=0.2389510960585465
ltu=3.508067999062925
lt_mean_diff=0.117231983020829
lt_mean_low=4905.755865966986
lt_mean_high=5517.051626138394
lt_stdev=715.5687971803178
lt_stdev_low=429.63533218669204
lt_stdev_high=805.0508884128013
