chi2=0.9417932138132253
e0=10325.43508469234
lt=7229.440967630483
e0u=0.13065903947237642
ltu=2.785453590041166
failedfit=[[0, 31], [1, 34], [2, 36], [3, 11], [3, 38], [4, 10], [4, 39], [5, 8], [5, 40], [6, 7], [6, 41], [7, 6], [7, 42], [8, 5], [10, 45], [11, 3], [11, 46], [13, 47], [15, 1], [15, 48], [16, 48], [18, 0], [19, 49], [21, 49], [25, 49], [29, 49], [30, 49], [31, 0], [34, 1], [34, 48], [36, 47], [38, 3], [38, 46], [39, 45], [41, 5], [41, 44], [42, 6], [42, 43], [43, 7], [43, 42], [44, 8], [44, 40], [45, 39], [46, 11], [46, 38]]
neventsinfailedbin=[61, 50, 80, 86, 10, 46, 26, 4, 31, 26, 86, 10, 41, 19, 44, 70, 21, 19, 63, 13, 62, 83, 50, 93, 61, 83, 6, 65, 75, 2, 9, 100, 21, 21, 54, 3, 53, 1, 24, 1, 2, 49, 41, 92, 51]
lt_mean_diff=0.06918237032095677
lt_mean_low=7005.753162691911
lt_mean_high=7507.956884435775
lt_stdev=1113.2366834395627
lt_stdev_low=864.5330985564725
lt_stdev_high=1263.876781432599
