chi2=0.9262081720403281
e0=10349.132180475402
lt=5388.203771310805
e0u=0.2679158135361199
ltu=4.09761978803519
lt_mean_diff=0.07064443093093606
lt_mean_low=5215.413976704741
lt_mean_high=5597.555357033881
lt_stdev=626.6218327130074
lt_stdev_low=541.603662048099
lt_stdev_high=645.841452922795
