chi2=0.9213330486366174
e0=10410.307638972734
lt=5932.686804546568
e0u=0.2128187766293382
ltu=3.5717833353770247
lt_mean_diff=0.1010441299692216
lt_mean_low=5649.314224131375
lt_mean_high=6250.978037116265
lt_stdev=799.1686641888455
lt_stdev_low=541.4824894035756
lt_stdev_high=892.1639132823092
