chi2=1.0296717646396099
e0=10456.335502410879
lt=6156.06471857971
e0u=0.2937571698402425
ltu=5.077424342592626
lt_mean_diff=0.09030818285367652
lt_mean_low=5890.742109914354
lt_mean_high=6448.306497247426
lt_stdev=829.5254380304392
lt_stdev_low=608.9011532166628
lt_stdev_high=917.8570362295967
