chi2=0.9283164798370106
e0=10421.991202325047
lt=5947.767628957246
e0u=0.2169783719564909
ltu=3.6718565758070714
lt_mean_diff=0.10864690917596202
lt_mean_low=5638.774053359991
lt_mean_high=6287.136452688995
lt_stdev=804.5925229454256
lt_stdev_low=524.6609833056665
lt_stdev_high=895.4136449103356
