chi2=0.9733047114005625
e0=10438.868332423006
lt=4979.032661198772
e0u=0.2902412993277617
ltu=4.018652132269599
lt_mean_diff=0.13306012576410461
lt_mean_low=4667.678373957031
lt_mean_high=5333.66593239874
lt_stdev=764.1530204168515
lt_stdev_low=520.2766228408267
lt_stdev_high=818.5701312943346
