chi2=0.9594225227566808
e0=10414.715358270994
lt=6883.725669227993
e0u=0.3392643425394398
ltu=6.652262861921341
failedfit=[[0, 18], [0, 19], [0, 20], [0, 29], [0, 30], [0, 31], [1, 15], [1, 16], [1, 33], [1, 34], [2, 13], [2, 35], [2, 36], [3, 11], [3, 12], [3, 37], [3, 38], [4, 10], [4, 38], [4, 39], [5, 9], [5, 39], [5, 40], [6, 7], [6, 8], [6, 40], [6, 41], [7, 6], [7, 7], [7, 41], [7, 42], [8, 5], [8, 43], [9, 5], [9, 44], [10, 4], [10, 44], [10, 45], [11, 3], [11, 45], [11, 46], [12, 3], [12, 46], [13, 2], [13, 46], [13, 47], [14, 2], [14, 47], [15, 1], [15, 47], [15, 48], [16, 1], [16, 48], [17, 1], [17, 48], [18, 0], [18, 48], [18, 49], [19, 0], [19, 49], [20, 0], [20, 49], [21, 0], [21, 49], [22, 0], [22, 49], [23, 49], [24, 49], [25, 49], [26, 49], [27, 49], [28, 0], [28, 49], [29, 0], [29, 49], [30, 0], [30, 49], [31, 0], [31, 48], [32, 48], [33, 1], [33, 48], [34, 1], [34, 47], [34, 48], [35, 47], [36, 2], [36, 47], [37, 3], [37, 46], [38, 3], [38, 45], [38, 46], [39, 4], [39, 45], [40, 44], [41, 5], [41, 43], [41, 44], [42, 6], [42, 42], [43, 7], [43, 8], [43, 41], [43, 42], [44, 9], [44, 39], [44, 40], [45, 10], [45, 38], [45, 39], [46, 11], [46, 37], [46, 38], [47, 13], [47, 35], [47, 36], [48, 15], [48, 16], [48, 32], [48, 33], [48, 34], [49, 18], [49, 19], [49, 20], [49, 29], [49, 30], [49, 31]]
neventsinfailedbin=[18, 45, 96, 71, 55, 17, 17, 71, 43, 14, 14, 44, 15, 12, 96, 50, 4, 10, 75, 2, 16, 59, 4, 4, 73, 82, 13, 5, 82, 89, 7, 1, 23, 72, 28, 38, 98, 3, 6, 52, 2, 78, 36, 22, 84, 6, 81, 33, 10, 69, 1, 57, 16, 99, 34, 14, 69, 5, 38, 17, 85, 27, 90, 38, 90, 44, 52, 51, 37, 63, 45, 91, 38, 68, 34, 46, 13, 11, 80, 66, 54, 32, 11, 76, 2, 26, 29, 5, 86, 51, 16, 74, 2, 71, 13, 47, 4, 62, 2, 5, 48, 5, 72, 24, 1, 17, 99, 10, 19, 94, 4, 15, 74, 12, 25, 91, 16, 26, 82, 98, 49, 14, 24, 58, 99, 76, 51, 19]
lt_mean_diff=0.07911815150287047
lt_mean_low=6632.1657111240875
lt_mean_high=7178.846138404967
lt_stdev=935.346556780686
lt_stdev_low=705.953558437473
lt_stdev_high=1045.4283751795608
