chi2=1.0046750440326044
e0=10356.48746983967
lt=7281.338174171105
e0u=0.15756734813001896
ltu=3.322946617819202
failedfit=[[0, 18], [0, 31], [1, 15], [1, 34], [2, 36], [3, 11], [3, 38], [4, 10], [4, 39], [5, 8], [5, 9], [5, 40], [6, 7], [6, 41], [7, 6], [7, 42], [8, 5], [8, 43], [9, 44], [10, 45], [11, 3], [11, 46], [12, 46], [13, 2], [13, 47], [14, 47], [15, 1], [15, 48], [16, 48], [18, 0], [19, 49], [20, 49], [21, 49], [22, 49], [25, 49], [28, 49], [29, 49], [30, 49], [31, 0], [33, 48], [34, 1], [34, 48], [35, 47], [36, 47], [38, 3], [38, 46], [39, 45], [41, 5], [42, 6], [43, 7], [44, 8], [44, 9], [44, 40], [45, 10], [45, 39], [46, 11], [46, 38], [47, 36], [48, 34], [49, 31]]
neventsinfailedbin=[85, 45, 87, 31, 39, 51, 10, 25, 6, 1, 78, 20, 12, 41, 8, 33, 12, 77, 83, 23, 49, 15, 86, 95, 9, 93, 61, 8, 55, 52, 29, 72, 68, 89, 43, 95, 68, 6, 47, 75, 67, 2, 71, 8, 69, 10, 8, 38, 33, 14, 3, 73, 29, 74, 23, 61, 50, 92, 73, 54]
lt_mean_diff=0.0730566162457372
lt_mean_low=7041.426351980959
lt_mean_high=7575.599283145653
lt_stdev=1111.3272323813226
lt_stdev_low=882.996971213382
lt_stdev_high=1240.3704708947503
