chi2=0.9315757792849062
e0=10380.236807286454
lt=5446.644534715675
e0u=0.2132473318543492
ltu=3.3503140351770044
lt_mean_diff=0.07323388543951989
lt_mean_low=5261.517524676314
lt_mean_high=5661.718480012228
lt_stdev=746.5918367169346
lt_stdev_low=543.6537148741835
lt_stdev_high=855.8366887123024
