chi2=1.0337588598515866
e0=10445.322490117622
lt=5078.802953761162
e0u=0.334213832567279
ltu=4.721390378588328
lt_mean_diff=0.13553161555699705
lt_mean_low=4749.544437987711
lt_mean_high=5440.559041243487
lt_stdev=694.7832397383822
lt_stdev_low=399.92527115844644
lt_stdev_high=750.1360931895483
