chi2=1.0282180059786128
e0=10543.445202948436
lt=5163.82308108111
e0u=0.3255661740186636
ltu=4.65639214663537
lt_mean_diff=0.12300680111530495
lt_mean_low=4864.131576454941
lt_mean_high=5501.804442084315
lt_stdev=763.0281126483392
lt_stdev_low=531.0835429540134
lt_stdev_high=823.2410138484156
