chi2=0.9097193110413818
e0=10340.353250369166
lt=7323.20699423242
e0u=0.20885255314256215
ltu=4.379311392482195
failedfit=[[0, 18], [0, 29], [0, 30], [0, 31], [1, 15], [1, 33], [1, 34], [2, 13], [2, 35], [2, 36], [3, 11], [3, 37], [3, 38], [4, 10], [4, 39], [5, 9], [5, 40], [6, 7], [6, 41], [7, 6], [7, 42], [8, 5], [8, 43], [9, 44], [10, 4], [10, 45], [11, 3], [11, 46], [12, 46], [13, 2], [13, 47], [14, 47], [15, 1], [15, 48], [16, 48], [17, 48], [18, 0], [19, 0], [19, 49], [20, 49], [21, 49], [22, 49], [23, 49], [24, 49], [25, 49], [26, 49], [27, 49], [28, 49], [29, 49], [30, 0], [30, 49], [31, 0], [32, 48], [33, 48], [34, 1], [35, 47], [36, 2], [36, 47], [37, 46], [38, 3], [38, 46], [39, 45], [41, 5], [41, 44], [42, 6], [42, 42], [43, 7], [43, 41], [44, 9], [44, 40], [45, 10], [45, 39], [46, 11], [46, 38], [47, 13], [47, 36], [48, 15], [48, 34], [49, 18], [49, 31]]
neventsinfailedbin=[46, 83, 71, 18, 41, 68, 15, 67, 100, 27, 17, 80, 5, 12, 13, 35, 8, 14, 36, 8, 21, 4, 43, 50, 91, 13, 23, 9, 40, 44, 7, 66, 26, 6, 30, 64, 24, 78, 12, 44, 33, 69, 94, 69, 30, 53, 77, 49, 34, 92, 6, 23, 95, 33, 27, 39, 56, 1, 94, 33, 4, 5, 14, 4, 21, 95, 11, 53, 39, 14, 42, 19, 42, 23, 88, 48, 57, 30, 50, 38]
lt_mean_diff=0.06847239271605385
lt_mean_low=7097.284253573947
lt_mean_high=7600.754655250802
lt_stdev=1074.5352562338228
lt_stdev_low=831.623389986367
lt_stdev_high=1216.0673746421005
