chi2=0.9204412867677868
e0=10404.723034251047
lt=7614.017231550414
e0u=0.2214846239800736
ltu=4.793936946401553
failedfit=[[0, 18], [0, 19], [0, 30], [0, 31], [1, 15], [1, 33], [1, 34], [2, 13], [2, 35], [2, 36], [3, 11], [3, 37], [3, 38], [4, 10], [4, 39], [5, 9], [5, 40], [6, 7], [6, 41], [7, 6], [7, 42], [8, 5], [8, 43], [9, 44], [10, 4], [10, 45], [11, 3], [11, 46], [12, 46], [13, 2], [13, 47], [14, 47], [15, 1], [15, 48], [16, 48], [17, 48], [18, 0], [18, 49], [19, 0], [19, 49], [20, 49], [21, 49], [22, 49], [23, 49], [24, 49], [25, 49], [26, 49], [27, 49], [28, 49], [29, 49], [30, 0], [30, 49], [31, 0], [33, 48], [34, 1], [34, 48], [35, 47], [36, 2], [36, 47], [37, 46], [38, 3], [38, 46], [39, 45], [40, 44], [41, 5], [41, 44], [42, 6], [42, 42], [42, 43], [43, 7], [43, 41], [43, 42], [44, 9], [44, 40], [45, 10], [45, 39], [46, 11], [46, 38], [47, 13], [47, 36], [48, 15], [48, 34], [49, 18], [49, 31]]
neventsinfailedbin=[45, 96, 61, 14, 36, 65, 16, 63, 94, 14, 27, 71, 1, 11, 9, 50, 7, 5, 31, 9, 11, 9, 40, 36, 81, 14, 15, 4, 46, 34, 9, 52, 19, 7, 27, 63, 14, 1, 63, 11, 31, 37, 69, 76, 64, 26, 49, 71, 52, 41, 76, 2, 24, 26, 25, 3, 35, 58, 1, 74, 47, 6, 3, 83, 11, 5, 16, 97, 1, 6, 56, 1, 55, 15, 29, 20, 40, 17, 52, 50, 50, 25, 47, 26]
lt_mean_diff=0.0716428548732678
lt_mean_low=7372.323500488723
lt_mean_high=7920.413368938492
lt_stdev=1163.0815245240203
lt_stdev_low=913.9994932720531
lt_stdev_high=1306.681967736558
