chi2=0.9226032820595378
e0=10383.347617368545
lt=5753.497902865184
e0u=0.2396001560526207
ltu=4.059837903598842
lt_mean_diff=0.049975050942732475
lt_mean_low=5664.598181877053
lt_mean_high=5953.576396843697
lt_stdev=759.0613027465902
lt_stdev_low=578.642714486959
lt_stdev_high=936.573939543997
