chi2=1.0117390290850248
e0=10457.744880021815
lt=5210.860585140512
e0u=0.23499527115975444
ltu=3.430527032970018
lt_mean_diff=0.10989044203557029
lt_mean_low=4946.938558779934
lt_mean_high=5522.284571324933
lt_stdev=814.9866900422337
lt_stdev_low=593.5889483069515
lt_stdev_high=899.4044382803285
