chi2=0.9849640007560835
e0=10467.563280169847
lt=6394.52553788914
e0u=0.28690167646461234
ltu=5.150833258941589
lt_mean_diff=0.09229716467455264
lt_mean_low=6112.252784831141
lt_mean_high=6704.136439127203
lt_stdev=859.5007486217883
lt_stdev_low=615.8825621721512
lt_stdev_high=956.4055334804789
