chi2=0.9374482718874735
e0=10301.465674274974
lt=7142.57145122444
e0u=0.1342145657350302
ltu=2.8808923502938644
failedfit=[[0, 31], [1, 34], [2, 36], [3, 11], [3, 38], [4, 10], [4, 39], [5, 8], [5, 40], [6, 7], [6, 41], [7, 6], [7, 42], [8, 5], [10, 45], [11, 3], [11, 46], [13, 47], [15, 1], [15, 48], [16, 48], [18, 0], [19, 49], [20, 49], [21, 49], [25, 49], [30, 49], [31, 0], [34, 1], [34, 48], [36, 47], [38, 3], [38, 46], [39, 45], [41, 5], [41, 44], [42, 6], [42, 43], [43, 7], [43, 42], [44, 8], [44, 40], [44, 41], [45, 39], [46, 38], [49, 31]]
neventsinfailedbin=[54, 48, 69, 67, 10, 36, 21, 3, 23, 18, 62, 23, 48, 21, 30, 61, 17, 19, 47, 12, 67, 55, 43, 81, 98, 66, 11, 47, 74, 1, 6, 74, 24, 15, 37, 3, 57, 3, 22, 2, 3, 41, 1, 55, 51, 90]
lt_mean_diff=0.07354399955870095
lt_mean_low=6906.05988748863
lt_mean_high=7433.551203300247
lt_stdev=1099.0209461626105
lt_stdev_low=840.8163445059336
lt_stdev_high=1249.40804230878
