chi2=0.9285956093593944
e0=10454.1874593899
lt=5145.059243991568
e0u=0.24374164059930273
ltu=3.525570764079153
lt_mean_diff=0.12017156447106618
lt_mean_low=4849.456949382874
lt_mean_high=5469.807346478035
lt_stdev=720.8735635008186
lt_stdev_low=444.09758274401725
lt_stdev_high=803.7205071753266
