chi2=0.9459044863978356
e0=10389.299799798502
lt=6753.463497298046
e0u=0.3206764593821393
ltu=6.1933330740853
failedfit=[[0, 18], [0, 19], [0, 20], [0, 29], [0, 30], [0, 31], [1, 15], [1, 16], [1, 33], [1, 34], [2, 13], [2, 35], [2, 36], [3, 11], [3, 12], [3, 37], [3, 38], [4, 10], [4, 38], [4, 39], [5, 8], [5, 9], [5, 39], [5, 40], [6, 7], [6, 8], [6, 40], [6, 41], [7, 6], [7, 7], [7, 42], [8, 5], [8, 43], [9, 5], [9, 44], [10, 4], [10, 45], [11, 3], [11, 45], [11, 46], [12, 3], [12, 46], [13, 2], [13, 47], [14, 2], [14, 47], [15, 1], [15, 47], [15, 48], [16, 1], [16, 48], [17, 48], [18, 0], [18, 48], [18, 49], [19, 0], [19, 49], [20, 0], [20, 49], [21, 49], [22, 49], [23, 49], [24, 49], [25, 49], [26, 49], [27, 49], [28, 0], [28, 49], [29, 0], [29, 49], [30, 0], [30, 49], [31, 0], [31, 49], [32, 48], [33, 1], [33, 48], [34, 1], [34, 48], [35, 47], [36, 2], [36, 47], [37, 46], [38, 3], [38, 46], [39, 4], [39, 45], [40, 44], [41, 5], [41, 43], [41, 44], [42, 6], [42, 42], [43, 7], [43, 8], [43, 41], [43, 42], [44, 9], [44, 39], [44, 40], [44, 41], [45, 10], [45, 39], [46, 11], [46, 37], [46, 38], [47, 13], [47, 36], [48, 15], [48, 16], [48, 33], [48, 34], [49, 18], [49, 19], [49, 20], [49, 30], [49, 31]]
neventsinfailedbin=[27, 53, 70, 74, 41, 10, 17, 83, 57, 11, 28, 55, 14, 9, 96, 40, 2, 10, 81, 5, 1, 24, 84, 12, 4, 88, 95, 16, 4, 100, 11, 2, 31, 91, 35, 39, 6, 10, 53, 5, 92, 44, 13, 6, 81, 50, 13, 65, 2, 73, 27, 65, 11, 78, 2, 38, 12, 91, 36, 45, 63, 54, 49, 38, 42, 52, 98, 34, 77, 34, 44, 11, 8, 3, 68, 68, 29, 18, 2, 32, 24, 5, 40, 10, 2, 90, 9, 55, 3, 72, 2, 10, 53, 5, 83, 30, 1, 22, 93, 8, 1, 11, 10, 17, 87, 9, 34, 36, 27, 78, 66, 19, 28, 73, 99, 57, 20]
lt_mean_diff=0.04429001430819394
lt_mean_low=6623.82986543987
lt_mean_high=6923.92472104556
lt_stdev=888.6397505606392
lt_stdev_low=774.4969353321045
lt_stdev_high=964.6378861474442
