chi2=1.0332362172669307
e0=10520.322139664004
lt=5325.630941866065
e0u=0.3304139139360941
ltu=4.876802376329851
lt_mean_diff=0.11180525728506949
lt_mean_low=5056.501912446172
lt_mean_high=5655.073657828971
lt_stdev=774.2397648880416
lt_stdev_low=573.124128018086
lt_stdev_high=832.968924751044
