chi2=0.9182979433487415
e0=10383.252791781944
lt=5690.949962583275
e0u=0.19066225951839375
ltu=3.0579949415259233
lt_mean_diff=0.10542625896286044
lt_mean_low=5405.736111109401
lt_mean_high=6007.852923267511
lt_stdev=820.6449344789515
lt_stdev_low=543.8905033524769
lt_stdev_high=928.157338368396
