chi2=1.0227324976676888
e0=10512.451011335146
lt=5354.839309844445
e0u=0.3193462581646796
ltu=4.747114319395722
lt_mean_diff=0.1037023241584571
lt_mean_low=5106.779731855094
lt_mean_high=5664.987348259527
lt_stdev=775.7424307887753
lt_stdev_low=577.1370963589461
lt_stdev_high=847.9189942594343
