chi2=0.9275073673696059
e0=10395.590578646965
lt=5303.373756320074
e0u=0.18685980081302214
ltu=2.8664419858422456
lt_mean_diff=0.10773962311553281
lt_mean_low=5031.708972082986
lt_mean_high=5605.106402973138
lt_stdev=743.5281702203142
lt_stdev_low=473.5802997532484
lt_stdev_high=843.0987169705103
