chi2=0.9233815733056869
e0=10383.76227963989
lt=7524.462483785178
e0u=0.21651633451410301
ltu=4.67416097532882
failedfit=[[0, 18], [0, 19], [0, 30], [0, 31], [1, 15], [1, 33], [1, 34], [2, 13], [2, 36], [3, 11], [3, 37], [3, 38], [4, 10], [4, 39], [5, 8], [5, 9], [5, 40], [6, 7], [6, 41], [7, 6], [7, 42], [8, 5], [8, 43], [9, 44], [10, 4], [10, 45], [11, 3], [11, 46], [12, 46], [13, 2], [13, 47], [14, 47], [15, 1], [15, 48], [16, 48], [17, 48], [18, 0], [19, 0], [19, 49], [20, 49], [21, 49], [22, 49], [23, 49], [24, 49], [25, 49], [26, 49], [27, 49], [28, 49], [29, 49], [30, 0], [30, 49], [31, 0], [32, 48], [33, 48], [34, 1], [35, 47], [36, 2], [36, 47], [37, 46], [38, 3], [38, 46], [39, 45], [41, 5], [41, 44], [42, 6], [42, 42], [43, 7], [43, 41], [44, 9], [44, 40], [45, 10], [45, 39], [46, 11], [46, 38], [47, 13], [47, 36], [48, 15], [48, 34], [49, 18], [49, 31]]
neventsinfailedbin=[38, 91, 71, 14, 40, 67, 14, 50, 22, 18, 72, 4, 15, 12, 1, 37, 11, 10, 24, 4, 12, 2, 39, 45, 70, 10, 19, 4, 57, 51, 4, 42, 28, 4, 17, 58, 32, 88, 13, 31, 38, 51, 84, 63, 20, 50, 51, 52, 44, 96, 2, 21, 93, 35, 27, 32, 68, 3, 56, 26, 5, 5, 17, 1, 20, 93, 8, 51, 50, 10, 32, 16, 32, 26, 64, 37, 57, 40, 47, 32]
lt_mean_diff=0.050714384523063157
lt_mean_low=7363.611090211976
lt_mean_high=7746.906021524901
lt_stdev=1112.1117102182998
lt_stdev_low=937.3240783806735
lt_stdev_high=1229.9509352963648
