chi2=0.9481927523791609
e0=10450.09931787254
lt=6242.860926713852
e0u=0.27913609604075695
ltu=4.894374802624388
lt_mean_diff=0.08066450820587326
lt_mean_low=6006.660486834889
lt_mean_high=6511.877758416963
lt_stdev=842.0665798802908
lt_stdev_low=627.064327360854
lt_stdev_high=943.2086305774502
