chi2=0.9940758394644349
e0=10393.850165593833
lt=5898.944157668033
e0u=0.19928263616559413
ltu=3.328020812176446
lt_mean_diff=0.01111037802430379
lt_mean_low=5883.909088401575
lt_mean_high=5949.651799686705
lt_stdev=776.1981805760638
lt_stdev_low=751.2758923626998
lt_stdev_high=798.3629398369873
