chi2=0.9715199779153355
e0=10482.615998403551
lt=6302.008458077052
e0u=0.303867435812761
ltu=5.339876598525084
lt_mean_diff=0.08185118243979397
lt_mean_low=6059.1455782360235
lt_mean_high=6576.626080294662
lt_stdev=842.9901492042414
lt_stdev_low=628.4824447138542
lt_stdev_high=940.3399799377473
