chi2=0.9138485760129715
e0=10346.018576738317
lt=7344.279631980424
e0u=0.212419668805191
ltu=4.484663030961803
failedfit=[[0, 18], [0, 30], [0, 31], [1, 15], [1, 33], [1, 34], [2, 13], [2, 36], [3, 11], [3, 37], [3, 38], [4, 10], [4, 39], [5, 8], [5, 9], [5, 40], [6, 7], [6, 41], [7, 6], [7, 42], [8, 5], [8, 43], [9, 44], [10, 4], [10, 45], [11, 3], [11, 46], [12, 46], [13, 2], [13, 47], [14, 47], [15, 1], [15, 48], [16, 48], [17, 48], [18, 0], [19, 0], [19, 49], [20, 49], [21, 49], [22, 49], [23, 49], [24, 49], [25, 49], [26, 49], [27, 49], [28, 49], [29, 49], [30, 0], [30, 49], [31, 0], [33, 48], [34, 1], [34, 48], [35, 47], [36, 2], [36, 47], [37, 46], [38, 3], [38, 46], [39, 45], [41, 5], [41, 44], [42, 6], [43, 7], [43, 41], [43, 42], [44, 9], [44, 40], [45, 10], [45, 39], [46, 11], [46, 38], [47, 13], [47, 36], [48, 15], [48, 34], [49, 18], [49, 31]]
neventsinfailedbin=[44, 94, 17, 47, 65, 17, 74, 13, 28, 77, 1, 11, 10, 1, 47, 11, 7, 29, 8, 14, 5, 49, 43, 86, 11, 22, 7, 43, 46, 10, 63, 21, 6, 22, 66, 27, 77, 15, 39, 30, 60, 84, 67, 29, 51, 56, 57, 38, 63, 3, 21, 44, 38, 1, 33, 58, 6, 82, 42, 7, 8, 15, 1, 22, 7, 50, 1, 51, 17, 30, 22, 30, 24, 67, 56, 68, 29, 67, 30]
lt_mean_diff=0.07161605352490219
lt_mean_low=7107.642129044162
lt_mean_high=7635.828644245168
lt_stdev=1073.0166843464262
lt_stdev_low=830.407817667422
lt_stdev_high=1209.702408443335
