chi2=0.942927568702996
e0=10382.275510311762
lt=7576.51796438786
e0u=0.21576592876979409
ltu=4.685328353631422
failedfit=[[0, 18], [0, 19], [0, 30], [0, 31], [1, 15], [1, 33], [1, 34], [2, 13], [2, 36], [3, 11], [3, 37], [3, 38], [4, 10], [4, 39], [5, 9], [5, 40], [6, 7], [6, 41], [7, 6], [7, 42], [8, 5], [8, 43], [9, 44], [10, 4], [10, 45], [11, 3], [11, 45], [11, 46], [12, 46], [13, 2], [13, 47], [14, 47], [15, 1], [15, 48], [16, 48], [17, 48], [18, 0], [19, 0], [19, 49], [20, 49], [21, 49], [22, 49], [23, 49], [24, 49], [25, 49], [26, 49], [27, 49], [28, 49], [29, 49], [30, 0], [30, 49], [31, 0], [33, 48], [34, 1], [34, 48], [35, 47], [36, 2], [36, 47], [37, 46], [38, 3], [38, 46], [39, 45], [40, 44], [41, 5], [41, 44], [42, 6], [42, 42], [43, 7], [43, 41], [43, 42], [44, 9], [44, 40], [45, 10], [45, 39], [46, 11], [46, 38], [47, 13], [47, 36], [48, 15], [48, 34], [49, 18], [49, 31]]
neventsinfailedbin=[36, 94, 65, 16, 41, 77, 16, 75, 17, 20, 68, 5, 20, 5, 52, 6, 8, 21, 6, 18, 4, 47, 54, 81, 10, 15, 98, 3, 66, 40, 3, 45, 26, 6, 20, 64, 20, 71, 16, 35, 36, 62, 76, 68, 19, 52, 63, 42, 27, 84, 4, 25, 37, 24, 1, 40, 49, 4, 61, 35, 6, 6, 98, 12, 1, 13, 94, 9, 56, 1, 47, 12, 34, 20, 21, 20, 69, 41, 41, 37, 44, 30]
lt_mean_diff=0.0526186330703757
lt_mean_low=7405.729869028135
lt_mean_high=7806.093959972701
lt_stdev=1114.3105232197458
lt_stdev_low=917.4512521953026
lt_stdev_high=1245.5240497764335
