chi2=0.917691051374915
e0=10385.47681448176
lt=7796.560079346494
e0u=0.21251779760613723
ltu=4.71873692503945
failedfit=[[0, 18], [0, 30], [0, 31], [1, 15], [1, 33], [1, 34], [2, 13], [2, 36], [3, 11], [3, 37], [3, 38], [4, 10], [4, 39], [5, 9], [5, 40], [6, 7], [6, 41], [7, 6], [7, 42], [8, 5], [8, 43], [9, 44], [10, 4], [10, 45], [11, 3], [11, 46], [12, 46], [13, 2], [13, 47], [14, 47], [15, 1], [15, 48], [16, 48], [17, 48], [18, 0], [19, 0], [19, 49], [20, 49], [21, 49], [22, 49], [23, 49], [24, 49], [25, 49], [26, 49], [27, 49], [28, 49], [29, 49], [30, 49], [31, 0], [33, 48], [34, 1], [34, 48], [35, 47], [36, 2], [37, 46], [38, 3], [38, 46], [39, 45], [41, 5], [41, 44], [42, 6], [42, 42], [43, 7], [43, 41], [43, 42], [44, 9], [44, 40], [45, 10], [45, 39], [46, 11], [46, 38], [47, 13], [47, 36], [48, 15], [48, 34], [49, 18], [49, 31]]
neventsinfailedbin=[51, 72, 18, 54, 77, 27, 59, 15, 33, 60, 4, 19, 16, 45, 10, 12, 25, 10, 18, 10, 57, 50, 93, 9, 28, 3, 53, 47, 5, 68, 29, 5, 19, 78, 24, 90, 14, 40, 43, 65, 82, 83, 25, 63, 71, 47, 32, 4, 22, 44, 30, 1, 46, 57, 87, 35, 7, 8, 9, 4, 21, 95, 15, 58, 1, 48, 23, 50, 19, 32, 17, 59, 59, 51, 29, 45, 31]
lt_mean_diff=0.07887708655581022
lt_mean_low=7519.522198561566
lt_mean_high=8137.356193708425
lt_stdev=1208.0871797619088
lt_stdev_low=923.9501541962406
lt_stdev_high=1363.821916364287
