chi2=0.9325339010448268
e0=10420.82503330853
lt=5665.815160189606
e0u=0.23803709403777354
ltu=3.9780120001323094
lt_mean_diff=0.059592582562364736
lt_mean_low=5551.351210449365
lt_mean_high=5890.6130333881365
lt_stdev=747.1186155748942
lt_stdev_low=566.2900370723527
lt_stdev_high=906.8645567815956
