chi2=0.9224691882255205
e0=10369.918329565717
lt=5222.248920113748
e0u=0.2655527866179092
ltu=3.9281897907542196
lt_mean_diff=0.05591453474258305
lt_mean_low=5095.6265758370955
lt_mean_high=5388.880828745305
lt_stdev=577.8298894142888
lt_stdev_low=518.7045778916438
lt_stdev_high=595.2461486205384
