chi2=0.9619054526131814
e0=9645.915094780665
lt=6590.818181964709
e0u=0.3225654981428556
ltu=5.871371781165478
lt_mean_diff=0.048212277801559615
lt_mean_low=6448.767520004381
lt_mean_high=6767.484306650316
lt_stdev=912.5387688662561
lt_stdev_low=777.6558679549643
lt_stdev_high=1001.745313285066
