chi2=0.9161226073597766
e0=10380.961285226398
lt=7611.921134004752
e0u=0.22173176648523377
ltu=4.814070638684389
failedfit=[[0, 18], [0, 19], [0, 30], [0, 31], [1, 15], [1, 33], [1, 34], [2, 13], [2, 35], [2, 36], [3, 11], [3, 37], [3, 38], [4, 10], [4, 39], [5, 9], [5, 40], [6, 7], [6, 41], [7, 6], [7, 42], [8, 5], [8, 43], [9, 44], [10, 4], [10, 45], [11, 3], [11, 46], [12, 46], [13, 2], [13, 47], [14, 47], [15, 1], [15, 48], [16, 48], [17, 48], [18, 0], [19, 0], [19, 49], [20, 49], [21, 49], [22, 49], [23, 49], [24, 49], [25, 49], [26, 49], [27, 49], [28, 49], [29, 49], [30, 0], [30, 49], [31, 0], [33, 48], [34, 1], [35, 47], [36, 2], [36, 47], [37, 46], [38, 3], [38, 46], [39, 45], [40, 44], [41, 5], [41, 44], [42, 6], [42, 42], [43, 7], [43, 41], [43, 42], [44, 8], [44, 9], [44, 40], [45, 10], [45, 39], [46, 11], [46, 38], [47, 13], [47, 36], [48, 15], [48, 34], [49, 18], [49, 31]]
neventsinfailedbin=[29, 82, 89, 16, 30, 70, 12, 49, 94, 27, 23, 60, 3, 16, 8, 41, 10, 5, 25, 3, 17, 7, 38, 47, 71, 11, 17, 9, 45, 38, 10, 42, 18, 4, 12, 54, 22, 65, 8, 24, 38, 52, 66, 71, 11, 54, 48, 37, 27, 65, 2, 31, 40, 26, 28, 70, 4, 63, 29, 10, 8, 90, 20, 1, 21, 95, 5, 54, 1, 1, 33, 21, 34, 19, 35, 12, 60, 53, 51, 34, 57, 30]
lt_mean_diff=0.07319201596631043
lt_mean_low=7364.483343805206
lt_mean_high=7924.28572636204
lt_stdev=1206.4792424406699
lt_stdev_low=1004.6229983005185
lt_stdev_high=1317.1298075680832
