chi2=0.9538956520305186
e0=10464.881607822974
lt=6251.406236368518
e0u=0.29875336681028214
ltu=5.253885543928576
lt_mean_diff=0.08242564360429945
lt_mean_low=6008.204180914436
lt_mean_high=6525.0336537368
lt_stdev=824.845446250158
lt_stdev_low=617.8013552500461
lt_stdev_high=916.0253071376139
