chi2=0.9285507034199904
e0=10418.270879693297
lt=5414.441468665758
e0u=0.22776599724005347
ltu=3.4896865404944997
lt_mean_diff=0.1149900174396565
lt_mean_low=5116.899453150455
lt_mean_high=5741.752869782241
lt_stdev=748.8483971834879
lt_stdev_low=453.58838525893054
lt_stdev_high=844.4355026299486
