chi2=1.168338709529756
e0=10290.863031537736
lt=6944.9565356931
e0u=0.1267530210068204
ltu=2.954552679972669
failedfit=[[0, 31], [1, 34], [2, 36], [3, 11], [3, 38], [4, 10], [4, 39], [5, 8], [5, 40], [6, 7], [6, 41], [7, 6], [7, 42], [8, 5], [10, 45], [11, 3], [11, 46], [13, 47], [15, 1], [15, 48], [16, 48], [18, 0], [19, 49], [25, 49], [30, 49], [31, 0], [31, 49], [34, 1], [34, 48], [36, 47], [38, 46], [39, 45], [41, 5], [41, 44], [42, 6], [42, 43], [43, 7], [43, 42], [44, 8], [44, 40], [45, 39], [46, 38], [48, 34], [49, 31]]
neventsinfailedbin=[72, 41, 90, 72, 6, 52, 26, 4, 39, 20, 88, 21, 57, 21, 50, 56, 27, 26, 98, 16, 89, 62, 45, 87, 17, 55, 3, 87, 8, 12, 23, 26, 62, 6, 61, 2, 22, 2, 1, 56, 56, 57, 89, 98]
lt_mean_diff=0.03715892863583266
lt_mean_low=6847.1594002428765
lt_mean_high=7106.4585658379
lt_stdev=3864.2005167322973
lt_stdev_low=5359.757637076975
lt_stdev_high=1174.0254142246904
