chi2=0.9203010632593945
e0=10209.49327017922
lt=7028.16392037492
e0u=0.23668593494323276
ltu=4.667367689506255
failedfit=[[0, 18], [0, 19], [0, 29], [0, 30], [0, 31], [1, 15], [1, 33], [1, 34], [2, 13], [2, 35], [2, 36], [3, 11], [3, 37], [3, 38], [4, 10], [4, 39], [5, 9], [5, 40], [6, 7], [6, 41], [7, 6], [7, 42], [8, 5], [8, 43], [9, 44], [10, 4], [10, 45], [11, 3], [11, 46], [12, 46], [13, 2], [13, 47], [14, 47], [15, 1], [15, 48], [16, 48], [17, 48], [18, 0], [18, 49], [19, 0], [19, 49], [20, 49], [21, 49], [22, 49], [23, 49], [24, 49], [25, 49], [26, 49], [27, 49], [28, 49], [29, 49], [30, 0], [30, 49], [31, 0], [32, 48], [33, 48], [34, 1], [35, 47], [36, 2], [36, 47], [37, 46], [38, 3], [38, 46], [39, 45], [40, 44], [41, 5], [41, 44], [42, 6], [42, 42], [42, 43], [43, 7], [43, 41], [44, 9], [44, 40], [45, 10], [45, 39], [46, 11], [46, 38], [47, 13], [47, 36], [48, 15], [48, 34], [49, 18], [49, 31]]
neventsinfailedbin=[34, 95, 53, 59, 19, 30, 82, 20, 53, 94, 40, 16, 62, 4, 12, 8, 38, 12, 10, 21, 11, 18, 6, 33, 41, 86, 14, 18, 4, 50, 32, 9, 60, 25, 2, 22, 54, 20, 1, 76, 14, 34, 42, 60, 66, 66, 31, 66, 59, 52, 22, 75, 7, 17, 94, 35, 27, 29, 56, 2, 68, 37, 2, 7, 82, 20, 1, 14, 77, 1, 11, 36, 39, 13, 29, 15, 35, 17, 66, 49, 40, 30, 38, 23]
lt_mean_diff=0.009174583164976558
lt_mean_low=7020.642971172162
lt_mean_high=7085.355877370501
lt_stdev=944.162843261293
lt_stdev_low=853.0846030277143
lt_stdev_high=1023.7683628094479
