chi2=0.9565394208870953
e0=10440.409864776082
lt=6173.445632842969
e0u=0.31926201194840137
ltu=5.668026514093822
failedfit=[[0, 18], [0, 19], [0, 20], [0, 29], [0, 30], [0, 31], [1, 15], [1, 16], [1, 33], [1, 34], [2, 13], [2, 14], [2, 35], [2, 36], [3, 11], [3, 37], [3, 38], [4, 10], [4, 38], [4, 39], [5, 9], [5, 39], [5, 40], [6, 7], [6, 8], [6, 41], [7, 6], [7, 42], [8, 5], [8, 6], [8, 43], [9, 5], [9, 44], [10, 4], [10, 45], [11, 3], [11, 45], [11, 46], [12, 3], [12, 46], [13, 2], [13, 47], [14, 2], [14, 47], [15, 1], [15, 47], [15, 48], [16, 1], [16, 48], [17, 48], [18, 0], [18, 48], [18, 49], [19, 0], [19, 49], [20, 0], [20, 49], [21, 49], [22, 0], [22, 49], [23, 49], [24, 49], [25, 49], [26, 49], [27, 49], [28, 49], [29, 0], [29, 49], [30, 0], [30, 49], [31, 0], [31, 49], [32, 48], [33, 1], [33, 48], [34, 1], [34, 48], [35, 47], [36, 2], [36, 47], [37, 46], [38, 3], [38, 45], [38, 46], [39, 4], [39, 45], [40, 44], [41, 5], [41, 43], [41, 44], [42, 6], [42, 42], [42, 43], [43, 7], [43, 8], [43, 41], [44, 8], [44, 9], [44, 40], [45, 10], [45, 39], [46, 11], [46, 37], [46, 38], [47, 13], [47, 36], [48, 15], [48, 33], [48, 34], [49, 18], [49, 19], [49, 30], [49, 31]]
neventsinfailedbin=[17, 60, 87, 71, 54, 13, 13, 87, 54, 21, 27, 93, 64, 23, 10, 35, 3, 11, 91, 6, 25, 82, 4, 6, 77, 19, 8, 14, 2, 98, 32, 81, 27, 31, 7, 16, 65, 3, 74, 27, 11, 2, 94, 32, 12, 72, 2, 59, 21, 53, 13, 89, 2, 49, 15, 75, 34, 36, 97, 43, 59, 79, 29, 66, 47, 54, 66, 35, 38, 17, 8, 3, 64, 67, 31, 13, 3, 32, 25, 8, 42, 23, 92, 5, 76, 7, 62, 7, 73, 1, 12, 63, 2, 6, 91, 32, 1, 22, 11, 21, 7, 22, 90, 13, 35, 16, 23, 67, 21, 28, 68, 56, 16]
lt_mean_diff=0.08711457204316214
lt_mean_low=5924.1547267488795
lt_mean_high=6464.045039206585
lt_stdev=798.9879664011645
lt_stdev_low=588.2570110465554
lt_stdev_high=882.9383077611914
