chi2=0.9463460566004445
e0=10364.943555842747
lt=5996.578352883272
e0u=0.2105372237724099
ltu=3.5700813902642774
lt_mean_diff=0.08166594460395604
lt_mean_low=5772.162063605512
lt_mean_high=6263.919062190564
lt_stdev=801.7173161950055
lt_stdev_low=626.0160137495933
lt_stdev_high=875.9750626385623
