chi2=0.9628047247874533
e0=9737.774345834318
lt=6555.46834043356
e0u=0.3400473491668272
ltu=6.171454654772902
lt_mean_diff=0.03644115027118097
lt_mean_low=6453.353051434246
lt_mean_high=6692.948093267495
lt_stdev=891.5564145146046
lt_stdev_low=836.1178684457766
lt_stdev_high=927.1889976863014
