chi2=0.9457773370247838
e0=10387.188154201873
lt=5447.80598481226
e0u=0.20551855937503352
ltu=3.1929129083104475
lt_mean_diff=0.08182473612183029
lt_mean_low=5240.117725466009
lt_mean_high=5687.453325945753
lt_stdev=757.8183926814668
lt_stdev_low=540.6112643618011
lt_stdev_high=865.8604881350623
