chi2=0.9457918319724676
e0=10463.213825752946
lt=6354.404910012917
e0u=0.29134804296092714
ltu=5.187178473624735
lt_mean_diff=0.08734582167486689
lt_mean_low=6092.704912322974
lt_mean_high=6649.550199232785
lt_stdev=859.3547694453893
lt_stdev_low=653.410838204419
lt_stdev_high=942.5050084909889
