chi2=0.9231466684069798
e0=10381.780525755854
lt=5685.058070832618
e0u=0.18479629739728928
ltu=2.963751867662321
lt_mean_diff=0.10469605830631659
lt_mean_low=5403.409034932301
lt_mean_high=6000.829477265975
lt_stdev=828.0515132102967
lt_stdev_low=570.0676166505234
lt_stdev_high=927.6627444333468
