chi2=1.089387839744054
e0=10547.89229290363
lt=6573.720914680331
e0u=0.36302247953558736
ltu=6.583130700630037
lt_mean_diff=0.08741567254105531
lt_mean_low=6312.079001233107
lt_mean_high=6889.553182318591
lt_stdev=918.0377524972423
lt_stdev_low=705.4702727129281
lt_stdev_high=1005.9109404066655
