chi2=0.9322918973656887
e0=10378.465848309408
lt=5606.491519918367
e0u=0.188537239662968
ltu=3.006943171888037
lt_mean_diff=0.06730816536810937
lt_mean_low=5433.179259791534
lt_mean_high=5811.794326481756
lt_stdev=765.9772657217054
lt_stdev_low=593.0225946171607
lt_stdev_high=862.9503610912451
