chi2=0.9401200939369955
e0=10394.354290799236
lt=6029.081448082551
e0u=0.20202909761035973
ltu=3.4554911469012204
lt_mean_diff=-0.10447409788110208
lt_mean_low=6367.924693135071
lt_mean_high=5736.10232530235
lt_stdev=888.1603350408735
lt_stdev_low=961.4240760225447
lt_stdev_high=678.3632192395442
