chi2=1.0583966364171427
e0=10346.738754644643
lt=5684.640647774503
e0u=0.23596588924835132
ltu=3.906891969113315
lt_mean_diff=0.0016918661718106803
lt_mean_low=5700.834138026552
lt_mean_high=5710.488158938446
lt_stdev=754.961935549002
lt_stdev_low=772.5844032354761
lt_stdev_high=740.1632598328903
