chi2=0.9165804203363757
e0=10390.449199536255
lt=5955.164458749376
e0u=0.21128544103206803
ltu=3.559986307795378
lt_mean_diff=0.08643063128266602
lt_mean_low=5717.121851700581
lt_mean_high=6233.91015345229
lt_stdev=766.5620791911502
lt_stdev_low=567.8209680160255
lt_stdev_high=844.8008312335866
