chi2=0.9355125700343286
e0=10404.19020203799
lt=5788.818677056008
e0u=0.23734229493087533
ltu=4.029002847234033
lt_mean_diff=0.025701055167063974
lt_mean_low=5752.772172302495
lt_mean_high=5902.250019876383
lt_stdev=775.0412120150336
lt_stdev_low=657.8838530576627
lt_stdev_high=903.7030356739031
