chi2=0.935413631020503
e0=10248.645430070184
lt=7180.824020994711
e0u=0.13321964813483145
ltu=2.8727218234245764
failedfit=[[0, 31], [1, 34], [2, 36], [3, 11], [3, 38], [4, 10], [4, 39], [5, 8], [5, 40], [6, 7], [6, 41], [7, 6], [7, 42], [8, 5], [10, 45], [11, 3], [11, 46], [13, 2], [13, 47], [15, 1], [15, 48], [16, 48], [18, 0], [19, 49], [25, 49], [29, 49], [30, 49], [31, 0], [34, 1], [34, 48], [36, 47], [38, 46], [39, 45], [41, 5], [41, 44], [42, 6], [42, 43], [43, 7], [44, 8], [44, 40], [45, 10], [45, 39], [46, 11], [46, 38], [48, 34], [49, 31]]
neventsinfailedbin=[44, 42, 58, 71, 11, 46, 26, 5, 34, 11, 73, 23, 51, 17, 26, 49, 17, 91, 23, 57, 9, 59, 61, 38, 76, 85, 12, 64, 76, 6, 13, 11, 23, 49, 5, 51, 1, 22, 1, 38, 98, 54, 93, 46, 83, 87]
lt_mean_diff=0.07562001386055377
lt_mean_low=6935.845245126977
lt_mean_high=7481.138361081056
lt_stdev=1137.6095213329556
lt_stdev_low=922.623301305125
lt_stdev_high=1257.6945595574348
