chi2=1.093212518433853
e0=10525.511447168992
lt=5305.402245487912
e0u=0.3243582473032255
ltu=4.767866080739937
lt_mean_diff=0.11057757828444952
lt_mean_low=5033.552965518068
lt_mean_high=5622.556595792003
lt_stdev=768.9891230541311
lt_stdev_low=552.5225742872467
lt_stdev_high=840.1871091346443
