chi2=0.9451261409016775
e0=10282.840674536981
lt=6807.07893355731
e0u=0.1264864228100297
ltu=2.6535884692160807
failedfit=[[0, 31], [1, 34], [2, 36], [3, 11], [3, 38], [4, 10], [4, 39], [5, 8], [5, 40], [6, 7], [7, 6], [7, 42], [8, 5], [10, 45], [11, 3], [11, 46], [13, 47], [15, 1], [15, 48], [16, 48], [18, 0], [18, 49], [19, 49], [25, 49], [30, 49], [31, 0], [34, 1], [34, 48], [36, 47], [38, 46], [39, 45], [41, 5], [41, 44], [42, 6], [42, 43], [43, 7], [43, 42], [44, 8], [44, 40], [44, 41], [45, 39], [46, 38]]
neventsinfailedbin=[68, 61, 72, 76, 7, 46, 25, 2, 35, 16, 28, 46, 11, 56, 66, 27, 27, 81, 19, 90, 73, 2, 49, 78, 19, 66, 74, 7, 14, 23, 31, 64, 3, 63, 1, 21, 1, 3, 65, 1, 50, 62]
lt_mean_diff=0.07194383367659107
lt_mean_low=6587.354226595459
lt_mean_high=7079.114180894881
lt_stdev=1112.0761241817295
lt_stdev_low=967.2825332560159
lt_stdev_high=1188.619243599512
