chi2=1.1104596170663021
e0=10609.574543681683
lt=6571.302271504394
e0u=0.41325524757447696
ltu=7.448841138198503
lt_mean_diff=0.0852924201626396
lt_mean_low=6309.492782348095
lt_mean_high=6872.083803055376
lt_stdev=909.9212257941961
lt_stdev_low=735.0069261042108
lt_stdev_high=974.6033043571032
