chi2=0.9527289619020416
e0=9703.960247626788
lt=6603.417330077216
e0u=0.3018223825296474
ltu=5.519070301587528
lt_mean_diff=0.056885916829681235
lt_mean_low=6433.233461379368
lt_mean_high=6810.073944000468
lt_stdev=912.268815511463
lt_stdev_low=742.1055068384997
lt_stdev_high=1017.5706178265082
