chi2=0.9521857008613508
e0=10325.330807619228
lt=7254.077685229785
e0u=0.13103719244717388
ltu=2.817141153004377
failedfit=[[0, 31], [1, 34], [2, 36], [3, 11], [3, 38], [4, 10], [4, 39], [5, 8], [5, 40], [6, 7], [6, 41], [7, 6], [7, 42], [8, 5], [10, 45], [11, 3], [11, 46], [13, 47], [15, 1], [15, 48], [16, 48], [18, 0], [19, 49], [25, 49], [30, 49], [31, 0], [34, 1], [34, 48], [36, 47], [38, 46], [39, 45], [41, 5], [41, 44], [42, 6], [42, 43], [43, 7], [43, 42], [44, 8], [44, 40], [45, 39], [46, 38], [49, 31]]
neventsinfailedbin=[67, 54, 72, 90, 6, 43, 32, 4, 26, 17, 84, 19, 68, 17, 30, 51, 17, 25, 60, 13, 76, 82, 33, 69, 7, 55, 87, 1, 7, 29, 15, 49, 4, 51, 1, 27, 2, 2, 57, 38, 59, 96]
lt_mean_diff=0.0687177558927259
lt_mean_low=7031.44965003292
lt_mean_high=7531.997474290202
lt_stdev=1124.3554694862926
lt_stdev_low=865.516910770116
lt_stdev_high=1282.7372959249637
