chi2=1.0791786978597135
e0=10451.928746200225
lt=6182.980901077328
e0u=0.31818023661894324
ltu=5.657910530769329
failedfit=[[0, 18], [0, 19], [0, 20], [0, 29], [0, 30], [0, 31], [1, 15], [1, 16], [1, 33], [1, 34], [2, 13], [2, 35], [2, 36], [3, 11], [3, 12], [3, 37], [3, 38], [4, 10], [4, 38], [4, 39], [5, 9], [5, 39], [5, 40], [6, 7], [6, 8], [6, 40], [6, 41], [7, 6], [7, 42], [8, 5], [8, 42], [8, 43], [9, 5], [9, 44], [10, 4], [10, 45], [11, 3], [11, 45], [11, 46], [12, 3], [12, 46], [13, 2], [13, 46], [13, 47], [14, 47], [15, 1], [15, 47], [15, 48], [16, 1], [16, 48], [17, 48], [18, 0], [18, 48], [18, 49], [19, 0], [19, 49], [20, 0], [20, 49], [21, 0], [21, 49], [22, 49], [23, 49], [24, 49], [25, 49], [26, 49], [27, 49], [28, 49], [29, 0], [29, 49], [30, 0], [30, 49], [31, 0], [31, 48], [31, 49], [32, 48], [33, 1], [33, 48], [34, 1], [34, 48], [35, 47], [36, 2], [36, 47], [37, 46], [38, 3], [38, 45], [38, 46], [39, 4], [39, 45], [40, 44], [41, 5], [41, 43], [41, 44], [42, 6], [42, 42], [43, 7], [43, 8], [43, 41], [43, 42], [44, 9], [44, 40], [45, 10], [45, 38], [45, 39], [46, 11], [46, 37], [46, 38], [47, 13], [47, 36], [48, 15], [48, 33], [48, 34], [49, 18], [49, 19], [49, 29], [49, 30], [49, 31]]
neventsinfailedbin=[24, 48, 76, 79, 52, 18, 16, 84, 51, 13, 31, 69, 10, 10, 99, 43, 1, 6, 85, 10, 20, 78, 6, 3, 78, 81, 19, 2, 10, 5, 97, 42, 66, 30, 37, 5, 5, 68, 5, 82, 26, 21, 93, 15, 30, 14, 80, 2, 48, 22, 55, 7, 75, 2, 43, 13, 73, 29, 98, 49, 58, 58, 75, 34, 40, 48, 54, 67, 30, 51, 12, 7, 94, 2, 73, 59, 40, 10, 7, 27, 28, 5, 37, 15, 82, 4, 68, 6, 55, 4, 58, 3, 14, 44, 5, 75, 36, 1, 23, 10, 13, 100, 11, 19, 96, 15, 24, 30, 19, 68, 22, 22, 62, 96, 49, 13]
lt_mean_diff=0.08900730488920316
lt_mean_low=5925.705545254693
lt_mean_high=6478.132236387326
lt_stdev=782.8563137720749
lt_stdev_low=565.3699980965471
lt_stdev_high=863.9514201385065
