chi2=0.9361395556423686
e0=10378.60577451696
lt=5505.304397717595
e0u=0.1898506958384346
ltu=3.014420582544695
lt_mean_diff=0.04951381899600399
lt_mean_low=5385.8021887377345
lt_mean_high=5659.3429879699315
lt_stdev=723.1703210432654
lt_stdev_low=579.2400938656792
lt_stdev_high=817.4681125626746
