chi2=0.9061373584154409
e0=10365.78610744268
lt=7765.302876100013
e0u=0.21383607385938802
ltu=4.723828078245195
failedfit=[[0, 18], [0, 19], [0, 30], [0, 31], [1, 15], [1, 33], [1, 34], [2, 13], [2, 36], [3, 11], [3, 37], [3, 38], [4, 10], [4, 39], [5, 8], [5, 9], [5, 40], [6, 7], [6, 41], [7, 6], [7, 42], [8, 5], [8, 43], [9, 44], [10, 4], [10, 45], [11, 3], [11, 46], [12, 46], [13, 2], [13, 47], [14, 47], [15, 1], [15, 48], [16, 48], [17, 48], [18, 0], [19, 49], [20, 49], [21, 49], [22, 49], [23, 49], [24, 49], [25, 49], [26, 49], [27, 49], [28, 49], [29, 49], [30, 0], [30, 49], [31, 0], [33, 48], [34, 1], [35, 47], [36, 2], [36, 47], [37, 46], [38, 3], [38, 46], [39, 45], [41, 5], [42, 6], [42, 43], [43, 7], [43, 41], [44, 9], [44, 40], [45, 10], [45, 39], [46, 11], [46, 38], [47, 13], [47, 36], [48, 15], [48, 34], [49, 18], [49, 31]]
neventsinfailedbin=[38, 98, 88, 25, 39, 71, 12, 58, 25, 24, 55, 4, 17, 12, 2, 47, 12, 10, 27, 10, 22, 7, 42, 52, 86, 13, 18, 2, 58, 36, 7, 47, 21, 3, 27, 79, 20, 17, 33, 33, 59, 83, 78, 27, 55, 67, 45, 24, 86, 5, 25, 37, 38, 37, 60, 2, 92, 47, 6, 6, 15, 11, 1, 7, 52, 47, 18, 42, 20, 40, 22, 79, 59, 40, 49, 68, 40]
lt_mean_diff=0.08786895788558015
lt_mean_low=7455.863845164763
lt_mean_high=8141.528391962837
lt_stdev=1220.3885711494997
lt_stdev_low=919.4713044235903
lt_stdev_high=1372.7359512765188
