chi2=0.907081808909314
e0=10394.910459747014
lt=7953.8294262328845
e0u=0.21647698428106088
ltu=4.901395706565098
failedfit=[[0, 18], [0, 30], [0, 31], [1, 15], [1, 33], [1, 34], [2, 13], [2, 36], [3, 11], [3, 37], [3, 38], [4, 10], [4, 39], [5, 9], [5, 40], [6, 7], [6, 41], [7, 6], [7, 42], [8, 5], [8, 43], [9, 44], [10, 4], [10, 45], [11, 3], [11, 46], [12, 46], [13, 2], [13, 47], [14, 47], [15, 1], [15, 48], [16, 48], [17, 48], [18, 0], [18, 49], [19, 49], [20, 49], [21, 49], [22, 49], [23, 49], [24, 49], [25, 49], [26, 49], [27, 49], [28, 49], [29, 49], [30, 0], [30, 49], [31, 0], [33, 48], [34, 1], [35, 47], [36, 2], [36, 47], [37, 46], [38, 3], [38, 46], [39, 45], [41, 5], [41, 44], [42, 6], [42, 42], [43, 7], [43, 41], [44, 8], [44, 9], [44, 40], [45, 10], [45, 39], [46, 11], [46, 38], [47, 13], [47, 36], [48, 15], [48, 34], [49, 18], [49, 31]]
neventsinfailedbin=[35, 90, 20, 47, 74, 14, 55, 27, 29, 60, 2, 14, 8, 50, 5, 9, 35, 3, 15, 4, 53, 42, 81, 6, 26, 3, 60, 40, 12, 47, 21, 2, 22, 84, 23, 1, 12, 39, 32, 54, 82, 69, 19, 49, 74, 55, 29, 80, 3, 22, 47, 31, 35, 64, 3, 82, 27, 7, 5, 20, 1, 17, 81, 13, 52, 1, 57, 16, 38, 10, 32, 18, 64, 40, 52, 37, 48, 41]
lt_mean_diff=0.04710351492834341
lt_mean_low=7797.540899754908
lt_mean_high=8173.8216774540915
lt_stdev=1204.5124851663204
lt_stdev_low=1028.2728633615895
lt_stdev_high=1327.9487946970435
