chi2=0.9886980137186377
e0=10381.921921219839
lt=6842.432651141139
e0u=0.32082426365395983
ltu=6.278378494134423
failedfit=[[0, 18], [0, 19], [0, 20], [0, 29], [0, 30], [0, 31], [1, 15], [1, 16], [1, 33], [1, 34], [2, 13], [2, 35], [2, 36], [3, 11], [3, 37], [3, 38], [4, 10], [4, 39], [5, 8], [5, 9], [5, 39], [5, 40], [6, 8], [6, 41], [7, 6], [7, 7], [7, 42], [8, 5], [8, 6], [8, 43], [9, 5], [9, 44], [10, 4], [10, 45], [11, 3], [11, 45], [11, 46], [12, 3], [12, 46], [13, 2], [13, 47], [14, 2], [14, 47], [15, 1], [15, 47], [15, 48], [16, 1], [16, 48], [17, 48], [18, 0], [18, 48], [18, 49], [19, 0], [19, 49], [20, 0], [20, 49], [21, 0], [21, 49], [22, 49], [23, 49], [24, 49], [25, 49], [26, 49], [27, 49], [28, 49], [29, 0], [29, 49], [30, 0], [30, 49], [31, 0], [31, 48], [31, 49], [32, 48], [33, 1], [33, 48], [34, 1], [35, 47], [36, 2], [36, 47], [37, 46], [38, 3], [38, 45], [38, 46], [39, 4], [39, 45], [40, 44], [41, 5], [41, 43], [42, 6], [42, 42], [42, 43], [43, 7], [43, 8], [43, 41], [43, 42], [44, 8], [44, 9], [44, 40], [45, 10], [45, 39], [46, 11], [46, 37], [46, 38], [47, 13], [47, 36], [48, 15], [48, 16], [48, 33], [48, 34], [49, 18], [49, 19], [49, 20], [49, 29], [49, 30], [49, 31]]
neventsinfailedbin=[36, 62, 72, 77, 61, 21, 19, 97, 54, 19, 28, 65, 25, 10, 54, 4, 5, 9, 1, 19, 72, 5, 76, 13, 6, 90, 11, 2, 92, 28, 84, 34, 50, 9, 13, 71, 4, 91, 25, 25, 10, 79, 33, 13, 74, 4, 58, 18, 56, 11, 74, 2, 36, 9, 76, 35, 99, 37, 59, 69, 52, 36, 62, 52, 49, 74, 30, 33, 15, 9, 83, 1, 58, 64, 23, 16, 22, 29, 6, 47, 21, 95, 3, 80, 9, 56, 6, 100, 12, 62, 1, 4, 89, 22, 1, 1, 22, 8, 10, 9, 15, 92, 10, 37, 31, 32, 92, 64, 19, 27, 78, 96, 98, 52, 12]
lt_mean_diff=0.07565418944001277
lt_mean_low=6606.202525543976
lt_mean_high=7125.883291596664
lt_stdev=943.5875548949866
lt_stdev_low=734.0840432750979
lt_stdev_high=1048.8506213220319
