chi2=0.9737746095353682
e0=10496.561675075922
lt=6397.913885552542
e0u=0.32562434273656243
ltu=5.8330074568279375
lt_mean_diff=0.09223574688861277
lt_mean_low=6116.349404233645
lt_mean_high=6708.17780043745
lt_stdev=872.9477913699029
lt_stdev_low=668.5687789413919
lt_stdev_high=946.3673837601398
