chi2=0.9394946858791978
e0=10313.946008055513
lt=5628.764322812294
e0u=0.2622871688006854
ltu=4.176361385032066
lt_mean_diff=0.06825163755293129
lt_mean_low=5459.717841971166
lt_mean_high=5845.6462467134315
lt_stdev=710.2113901900046
lt_stdev_low=638.7170582784868
lt_stdev_high=724.7593796331405
