chi2=0.9696368163598139
e0=7531.715994365633
lt=5416.738924915824
e0u=0.42452893368545264
ltu=6.619050311056403
lt_mean_diff=-0.04278490177992312
lt_mean_low=5537.419643178453
lt_mean_high=5305.8521934335095
lt_stdev=2213.5182319978594
lt_stdev_low=3186.3807655845476
lt_stdev_high=632.9725257371298
