chi2=0.9229909950349854
e0=9980.833893117946
lt=4093.1684426949087
e0u=0.2642509057679269
ltu=3.0823242497754926
lt_mean_diff=0.019369401994495092
lt_mean_low=4066.4692588156154
lt_mean_high=4146.018640589179
lt_stdev=385.57614251791995
lt_stdev_low=327.57887809980286
lt_stdev_high=430.6480986558734
