chi2=0.9280541331191213
e0=10376.513422125176
lt=5479.248288094009
e0u=0.18764712204556866
ltu=2.954464273495521
lt_mean_diff=0.07308989650925751
lt_mean_low=5294.564578872713
lt_mean_high=5696.456363536019
lt_stdev=754.0038222453503
lt_stdev_low=558.1444659377796
lt_stdev_high=859.2017241378776
