chi2=0.9402109086192053
e0=10387.480827274609
lt=5750.358282379145
e0u=0.18971002820489627
ltu=3.1041656979465015
lt_mean_diff=0.07850025017424772
lt_mean_low=5539.750537059824
lt_mean_high=5992.6152105257715
lt_stdev=780.0109283378462
lt_stdev_low=578.5947200944968
lt_stdev_high=879.8572753802495
