chi2=0.9265542664142701
e0=10367.416095141643
lt=6072.71308015655
e0u=0.20919819834882056
ltu=3.6092823998284183
lt_mean_diff=-0.015542450267397074
lt_mean_low=6137.893396871352
lt_mean_high=6043.241984887982
lt_stdev=744.906061084733
lt_stdev_low=715.4271127007004
lt_stdev_high=769.5844531951512
