chi2=1.0264845191868641
e0=10509.235562035521
lt=5376.92976507461
e0u=0.3142601563235223
ltu=4.690439497592403
lt_mean_diff=0.10300281718353349
lt_mean_low=5128.9168567882
lt_mean_high=5685.597909753441
lt_stdev=780.0554363570773
lt_stdev_low=584.9512854135797
lt_stdev_high=850.659110250087
