chi2=1.0056247673449008
e0=10487.243800123237
lt=5773.711620607319
e0u=0.30172016348182046
ltu=4.908306548598141
lt_mean_diff=0.03373992121499266
lt_mean_low=5731.783050274685
lt_mean_high=5928.166240078882
lt_stdev=850.9519058973896
lt_stdev_low=772.775309368002
lt_stdev_high=925.7578468948418
