chi2=1.0805221714287567
e0=10544.00424735639
lt=5299.597969716139
e0u=0.34440130262191915
ltu=5.049930791492812
lt_mean_diff=0.10834520765806956
lt_mean_low=5034.235264208433
lt_mean_high=5610.792430229563
lt_stdev=753.301953056705
lt_stdev_low=548.2344890179054
lt_stdev_high=818.2169819428254
