chi2=0.9724085560628265
e0=10525.143449733256
lt=6434.809583507037
e0u=0.34082444115393173
ltu=6.100690319351578
lt_mean_diff=0.09104441169177968
lt_mean_low=6151.268342225405
lt_mean_high=6738.509451104834
lt_stdev=854.3410127871496
lt_stdev_low=636.5969949675762
lt_stdev_high=934.8415795239314
