chi2=0.9346500832565584
e0=10435.761898993436
lt=6023.130839793672
e0u=0.24211191514323524
ltu=4.10748888592484
lt_mean_diff=0.10573700000147818
lt_mean_low=5717.991676717946
lt_mean_high=6356.912689048814
lt_stdev=802.9901513789767
lt_stdev_low=518.637237962826
lt_stdev_high=898.8574724520524
