chi2=0.9205508195720552
e0=10351.586947209178
lt=7404.83189360609
e0u=0.20915988580124836
ltu=4.4239983764612445
failedfit=[[0, 18], [0, 29], [0, 31], [1, 15], [1, 33], [1, 34], [2, 13], [2, 36], [3, 11], [3, 37], [3, 38], [4, 10], [4, 39], [5, 8], [5, 9], [5, 40], [6, 7], [6, 41], [7, 6], [7, 42], [8, 5], [8, 43], [9, 44], [10, 4], [10, 45], [11, 3], [11, 46], [12, 46], [13, 2], [13, 47], [14, 47], [15, 1], [15, 48], [16, 48], [17, 48], [18, 0], [19, 0], [19, 49], [20, 49], [21, 49], [22, 49], [23, 49], [24, 49], [25, 49], [26, 49], [27, 49], [28, 49], [29, 49], [30, 0], [30, 49], [31, 0], [33, 48], [34, 1], [34, 48], [35, 47], [36, 2], [36, 47], [37, 46], [38, 3], [38, 46], [39, 45], [41, 5], [42, 6], [43, 7], [43, 41], [43, 42], [44, 8], [44, 9], [44, 40], [45, 10], [45, 39], [46, 11], [46, 38], [47, 13], [47, 36], [48, 15], [48, 34], [49, 18], [49, 31]]
neventsinfailedbin=[29, 94, 23, 37, 81, 21, 56, 14, 20, 66, 6, 20, 4, 1, 43, 11, 3, 35, 6, 25, 4, 40, 55, 92, 14, 23, 10, 48, 54, 14, 42, 26, 2, 19, 77, 21, 83, 14, 33, 36, 50, 97, 62, 25, 45, 54, 50, 38, 96, 4, 20, 44, 37, 1, 57, 62, 3, 92, 34, 7, 5, 13, 25, 9, 63, 1, 1, 53, 19, 47, 17, 39, 20, 59, 57, 64, 24, 52, 43]
lt_mean_diff=0.07664993875267977
lt_mean_low=7148.871745671343
lt_mean_high=7718.972441577827
lt_stdev=1100.4702545862995
lt_stdev_low=842.6238477699566
lt_stdev_high=1240.3791179100679
