chi2=0.9149009583321441
e0=10313.437202736508
lt=5803.58866490419
e0u=0.23729013540587562
ltu=4.066173602520045
lt_mean_diff=0.02651145222910004
lt_mean_low=5770.835786643425
lt_mean_high=5925.474054782984
lt_stdev=744.1612255781683
lt_stdev_low=574.9723022749648
lt_stdev_high=934.0681469013942
