chi2=0.9638752560723232
e0=10462.36663525446
lt=6199.6926809854285
e0u=0.34149132635488016
ltu=6.061492088669142
failedfit=[[0, 18], [0, 19], [0, 20], [0, 21], [0, 28], [0, 29], [0, 30], [0, 31], [1, 15], [1, 16], [1, 32], [1, 33], [1, 34], [2, 13], [2, 14], [2, 35], [2, 36], [3, 11], [3, 12], [3, 37], [3, 38], [4, 10], [4, 38], [4, 39], [5, 9], [5, 10], [5, 39], [5, 40], [6, 7], [6, 8], [6, 41], [7, 6], [7, 7], [7, 41], [7, 42], [8, 5], [8, 6], [8, 42], [8, 43], [9, 5], [9, 44], [10, 4], [10, 44], [10, 45], [11, 3], [11, 45], [11, 46], [12, 3], [12, 46], [13, 2], [13, 46], [13, 47], [14, 2], [14, 47], [15, 1], [15, 47], [15, 48], [16, 1], [16, 48], [17, 48], [18, 0], [18, 48], [18, 49], [19, 0], [19, 49], [20, 0], [20, 49], [21, 0], [21, 49], [22, 49], [23, 49], [24, 49], [25, 49], [26, 49], [27, 0], [27, 49], [28, 0], [28, 49], [29, 0], [29, 49], [30, 0], [30, 49], [31, 0], [31, 48], [31, 49], [32, 48], [33, 1], [33, 48], [34, 1], [34, 47], [34, 48], [35, 2], [35, 47], [36, 2], [36, 46], [36, 47], [37, 46], [38, 3], [38, 45], [38, 46], [39, 4], [39, 45], [40, 44], [41, 5], [41, 43], [41, 44], [42, 6], [42, 42], [43, 7], [43, 8], [43, 41], [44, 9], [44, 39], [44, 40], [45, 10], [45, 39], [46, 11], [46, 37], [46, 38], [47, 13], [47, 35], [47, 36], [48, 15], [48, 16], [48, 32], [48, 33], [48, 34], [49, 18], [49, 19], [49, 20], [49, 28], [49, 29], [49, 30], [49, 31]]
neventsinfailedbin=[18, 45, 68, 89, 98, 61, 48, 11, 13, 74, 69, 35, 11, 32, 83, 63, 12, 14, 95, 37, 5, 4, 76, 3, 17, 100, 72, 4, 4, 64, 20, 2, 81, 98, 16, 2, 81, 99, 25, 82, 25, 30, 82, 9, 12, 51, 4, 52, 29, 19, 73, 7, 71, 31, 10, 60, 3, 41, 13, 45, 10, 67, 1, 36, 12, 50, 37, 81, 34, 51, 55, 50, 21, 41, 95, 28, 82, 36, 65, 28, 32, 10, 7, 73, 3, 54, 32, 28, 8, 95, 4, 92, 27, 30, 98, 3, 38, 17, 99, 4, 61, 7, 46, 8, 62, 1, 6, 36, 3, 67, 21, 24, 99, 7, 20, 1, 14, 80, 8, 22, 84, 17, 21, 84, 100, 64, 9, 21, 72, 95, 99, 78, 51, 10]
lt_mean_diff=0.08031673159989917
lt_mean_low=5972.279726414454
lt_mean_high=6472.342409270249
lt_stdev=754.1252431341026
lt_stdev_low=604.7794443383857
lt_stdev_high=801.5111060063535
