chi2=0.9252582789216734
e0=10406.795389174164
lt=5737.3821815354495
e0u=0.1927857241326119
ltu=3.133943518835001
lt_mean_diff=0.11061537213849187
lt_mean_low=5436.3890712530765
lt_mean_high=6073.458213257528
lt_stdev=824.6742172812116
lt_stdev_low=535.2321859198552
lt_stdev_high=928.9023274440076
