chi2=0.9275993892500516
e0=10396.70516244396
lt=5769.362785029783
e0u=0.20084678727287666
ltu=3.271591545499676
lt_mean_diff=0.1070832873161076
lt_mean_low=5476.065918885618
lt_mean_high=6096.118669904743
lt_stdev=820.0892603982145
lt_stdev_low=541.7066223096617
lt_stdev_high=922.8935547897853
