chi2=0.9270456205252502
e0=10390.570044459499
lt=5721.562819622809
e0u=0.18728020357684463
ltu=3.0389166181268195
lt_mean_diff=0.07814202645655614
lt_mean_low=5512.683000465618
lt_mean_high=5961.221873661699
lt_stdev=783.2819233196898
lt_stdev_low=579.7718069414058
lt_stdev_high=885.533745585139
