chi2=0.9547419463635829
e0=10460.338764300792
lt=6229.617464382467
e0u=0.2905587262621594
ltu=5.07393724003526
lt_mean_diff=0.08408890270650907
lt_mean_low=5978.875699544432
lt_mean_high=6504.0824782744285
lt_stdev=831.5281835486747
lt_stdev_low=626.1560953132841
lt_stdev_high=919.4436959399407
