chi2=0.9225172083129634
e0=10401.593332091808
lt=5831.206519445856
e0u=0.2010518087145728
ltu=3.318139299754977
lt_mean_diff=0.09975254024359038
lt_mean_low=5555.364865483043
lt_mean_high=6139.041092975425
lt_stdev=803.8979874095577
lt_stdev_low=549.8604351221878
lt_stdev_high=901.5470524666694
