chi2=0.9619535012703274
e0=10464.689250243931
lt=6166.841473961866
e0u=0.31507580717058614
ltu=5.640579108111446
failedfit=[[0, 18], [0, 19], [0, 20], [0, 29], [0, 30], [0, 31], [1, 15], [1, 16], [1, 33], [1, 34], [2, 13], [2, 35], [2, 36], [3, 11], [3, 37], [3, 38], [4, 10], [4, 38], [4, 39], [5, 9], [5, 39], [5, 40], [6, 7], [6, 8], [6, 41], [7, 6], [7, 7], [7, 42], [8, 5], [8, 43], [9, 5], [9, 44], [10, 4], [10, 45], [11, 3], [11, 45], [11, 46], [12, 3], [12, 46], [13, 2], [13, 47], [14, 2], [14, 47], [15, 1], [15, 47], [16, 1], [16, 48], [17, 1], [17, 48], [18, 0], [18, 48], [19, 0], [19, 49], [20, 0], [20, 49], [21, 0], [21, 49], [22, 49], [23, 49], [24, 49], [25, 49], [26, 49], [27, 49], [28, 0], [28, 49], [29, 0], [29, 49], [30, 0], [30, 49], [31, 0], [31, 48], [31, 49], [32, 48], [33, 1], [33, 48], [34, 1], [34, 47], [34, 48], [35, 47], [36, 2], [36, 47], [37, 46], [38, 3], [38, 45], [38, 46], [39, 4], [39, 45], [40, 44], [41, 5], [41, 43], [42, 6], [42, 42], [43, 8], [43, 41], [43, 42], [44, 9], [44, 40], [45, 10], [45, 39], [46, 11], [46, 37], [46, 38], [47, 13], [47, 36], [48, 15], [48, 16], [48, 33], [48, 34], [49, 18], [49, 19], [49, 30], [49, 31]]
neventsinfailedbin=[15, 56, 80, 74, 49, 18, 22, 79, 52, 14, 34, 61, 19, 12, 46, 6, 13, 84, 5, 32, 71, 11, 5, 97, 13, 3, 90, 14, 3, 31, 77, 26, 44, 13, 16, 72, 4, 74, 33, 19, 7, 86, 42, 14, 68, 66, 19, 98, 29, 10, 98, 37, 12, 77, 34, 97, 30, 60, 58, 52, 39, 42, 49, 90, 39, 87, 25, 40, 6, 15, 79, 3, 58, 61, 26, 12, 96, 2, 29, 46, 4, 40, 17, 87, 9, 77, 9, 47, 8, 70, 8, 51, 71, 23, 2, 22, 10, 18, 8, 9, 80, 9, 31, 18, 15, 100, 71, 20, 26, 64, 41, 20]
lt_mean_diff=-0.011788160951130732
lt_mean_low=6224.367368833125
lt_mean_high=6151.428815215292
lt_stdev=674.1542531587608
lt_stdev_low=663.697403726417
lt_stdev_high=682.2762171374388
