chi2=0.9455667847304033
e0=10377.338711063961
lt=5478.350673048706
e0u=0.19002969326291194
ltu=3.0115950945203194
lt_mean_diff=0.05862549503548732
lt_mean_low=5333.066015237621
lt_mean_high=5655.300582143796
lt_stdev=734.1766390800075
lt_stdev_low=576.1161866699683
lt_stdev_high=830.1178199816644
