chi2=0.9659506899621989
e0=10495.461690041817
lt=6468.636366842128
e0u=0.3141428109295348
ltu=5.678507410348911
lt_mean_diff=0.08372640153541168
lt_mean_low=6213.308673585464
lt_mean_high=6756.629033084056
lt_stdev=875.1917901573021
lt_stdev_low=645.1612147364929
lt_stdev_high=979.5875769171373
