chi2=0.9290346854026875
e0=10424.797758050536
lt=5630.670931283275
e0u=0.24119231305754918
ltu=3.967288321782395
lt_mean_diff=0.079359919662488
lt_mean_low=5465.9344296140935
lt_mean_high=5915.0461495397985
lt_stdev=762.5607509674327
lt_stdev_low=555.3786198659665
lt_stdev_high=910.0189435333021
