chi2=0.9668440264269508
e0=10471.732046744526
lt=6240.917530956257
e0u=0.3009380780316455
ltu=5.288812961183929
lt_mean_diff=0.09795736364749269
lt_mean_low=5947.978702051796
lt_mean_high=6561.094552660923
lt_stdev=835.2647333942591
lt_stdev_low=577.1556382731053
lt_stdev_high=930.8765178094224
