chi2=0.9376160086564034
e0=10288.594034006654
lt=6778.244190485171
e0u=0.12805549225452847
ltu=2.4756463427875017
failedfit=[[0, 31], [1, 34], [2, 36], [3, 11], [3, 38], [4, 10], [4, 39], [5, 8], [5, 40], [6, 7], [6, 41], [7, 6], [7, 42], [8, 5], [10, 45], [11, 3], [11, 46], [13, 47], [15, 1], [15, 48], [16, 48], [18, 0], [18, 49], [19, 49], [25, 49], [30, 49], [31, 0], [31, 49], [34, 1], [34, 48], [36, 47], [38, 3], [38, 46], [39, 45], [41, 5], [41, 44], [42, 6], [42, 43], [43, 7], [43, 42], [44, 8], [44, 40], [45, 39], [46, 11], [46, 38], [49, 31]]
neventsinfailedbin=[55, 49, 81, 82, 14, 39, 35, 3, 34, 27, 85, 19, 62, 18, 46, 79, 12, 30, 85, 19, 77, 85, 2, 50, 74, 16, 69, 1, 87, 2, 15, 96, 25, 18, 41, 4, 64, 1, 22, 1, 3, 51, 39, 92, 66, 100]
lt_mean_diff=0.08736879371018835
lt_mean_low=6507.364849761764
lt_mean_high=7102.10854659429
lt_stdev=2378.5262368961753
lt_stdev_low=3139.6342345516036
lt_stdev_high=1163.3174984818763
