chi2=0.9094001963443124
e0=10394.978609293588
lt=7883.679389492854
e0u=0.21624832675128736
ltu=4.857531931630632
failedfit=[[0, 18], [0, 30], [0, 31], [1, 15], [1, 33], [1, 34], [2, 13], [2, 35], [2, 36], [3, 11], [3, 37], [3, 38], [4, 10], [4, 39], [5, 9], [5, 40], [6, 7], [6, 41], [7, 6], [7, 42], [8, 5], [8, 43], [9, 44], [10, 4], [10, 45], [11, 3], [11, 46], [12, 46], [13, 2], [13, 47], [14, 47], [15, 1], [15, 48], [16, 48], [17, 48], [18, 0], [19, 0], [19, 49], [20, 49], [21, 49], [22, 49], [23, 49], [24, 49], [25, 49], [26, 49], [27, 49], [28, 49], [29, 49], [30, 0], [30, 49], [31, 0], [33, 48], [34, 1], [34, 48], [35, 47], [36, 2], [36, 47], [37, 46], [38, 3], [38, 46], [39, 45], [41, 5], [41, 44], [42, 6], [42, 42], [42, 43], [43, 7], [43, 41], [43, 42], [44, 8], [44, 9], [44, 40], [44, 41], [45, 10], [45, 39], [46, 11], [46, 38], [47, 13], [47, 36], [48, 15], [48, 34], [49, 18], [49, 31]]
neventsinfailedbin=[56, 86, 17, 51, 71, 14, 75, 100, 26, 18, 69, 2, 17, 5, 33, 11, 10, 26, 3, 18, 6, 46, 52, 99, 11, 33, 4, 49, 51, 6, 49, 20, 4, 23, 61, 25, 99, 6, 32, 32, 66, 80, 74, 20, 54, 64, 57, 32, 100, 5, 27, 42, 33, 1, 32, 64, 2, 82, 30, 7, 8, 18, 3, 20, 100, 2, 8, 62, 1, 1, 57, 16, 1, 27, 17, 38, 18, 60, 44, 41, 32, 54, 36]
lt_mean_diff=0.06887038802430454
lt_mean_low=7643.911114624532
lt_mean_high=8189.404117740989
lt_stdev=1201.640323323463
lt_stdev_low=948.3287231987199
lt_stdev_high=1351.4761780430115
