chi2=0.9289570192203987
e0=10374.364516374755
lt=5137.433982857668
e0u=0.27018140179880046
ltu=3.9155597456659144
lt_mean_diff=0.1078294808141718
lt_mean_low=4876.378963015815
lt_mean_high=5432.621108760372
lt_stdev=622.5084591833988
lt_stdev_low=454.005284894102
lt_stdev_high=641.3005980941376
