chi2=1.2126741498207587
e0=10487.745003743197
lt=6855.009348839107
e0u=0.5167552536648913
ltu=9.675571439826818
lt_mean_diff=0.048061912806539146
lt_mean_low=6708.476270754652
lt_mean_high=7039.699546972497
lt_stdev=970.6707646212087
lt_stdev_low=893.9570825108692
lt_stdev_high=1004.4085215351629
