chi2=0.9055201661526455
e0=10393.293548577301
lt=7863.81321551175
e0u=0.21457467175004663
ltu=4.795169371683565
failedfit=[[0, 18], [0, 30], [0, 31], [1, 15], [1, 33], [1, 34], [2, 13], [2, 35], [2, 36], [3, 11], [3, 37], [3, 38], [4, 10], [4, 39], [5, 8], [5, 9], [5, 40], [6, 7], [6, 41], [7, 6], [7, 42], [8, 5], [8, 43], [9, 44], [10, 4], [10, 45], [11, 3], [11, 46], [12, 46], [13, 2], [13, 47], [14, 47], [15, 1], [15, 48], [16, 48], [17, 48], [18, 0], [19, 0], [19, 49], [20, 49], [21, 49], [22, 49], [23, 49], [24, 49], [25, 49], [26, 49], [27, 49], [28, 49], [29, 49], [30, 0], [30, 49], [31, 0], [33, 48], [34, 1], [35, 47], [36, 2], [36, 47], [37, 46], [38, 3], [38, 46], [39, 45], [41, 5], [41, 44], [42, 6], [42, 42], [42, 43], [43, 7], [43, 41], [44, 9], [44, 40], [45, 10], [45, 39], [46, 11], [46, 38], [47, 13], [47, 36], [48, 15], [48, 34], [49, 18], [49, 31]]
neventsinfailedbin=[50, 87, 18, 55, 77, 21, 70, 96, 20, 22, 53, 3, 12, 6, 2, 55, 9, 6, 26, 5, 20, 2, 47, 43, 100, 10, 20, 5, 54, 39, 8, 61, 30, 6, 25, 73, 27, 85, 12, 33, 32, 60, 76, 72, 28, 66, 65, 49, 33, 100, 4, 25, 34, 25, 42, 57, 6, 80, 44, 6, 6, 15, 1, 28, 85, 1, 8, 52, 41, 21, 35, 22, 35, 26, 67, 47, 53, 30, 62, 44]
lt_mean_diff=0.07341884668109558
lt_mean_low=7605.1831358880045
lt_mean_high=8185.142589875731
lt_stdev=1217.79748743832
lt_stdev_low=973.7628190640793
lt_stdev_high=1355.3392002271232
