chi2=1.0954153121155523
e0=10542.744049553183
lt=5409.7316335930755
e0u=0.3438207397156861
ltu=5.15412908692299
lt_mean_diff=0.09943446305549
lt_mean_low=5167.426279240953
lt_mean_high=5707.656520913435
lt_stdev=751.9580800750963
lt_stdev_low=574.2993557472145
lt_stdev_high=812.8389452297976
