chi2=1.1998767220600002
e0=10370.24654695322
lt=5427.0712560098455
e0u=0.18632824621578548
ltu=2.913353830314538
lt_mean_diff=0.08733324542717832
lt_mean_low=5204.895084261412
lt_mean_high=5680.510519370278
lt_stdev=754.318101172481
lt_stdev_low=530.4477557722523
lt_stdev_high=858.6290393359233
