chi2=0.9216446554128727
e0=10374.217046494552
lt=5673.914867358136
e0u=0.1837930307330037
ltu=2.956087705506412
lt_mean_diff=0.09195126723430509
lt_mean_low=5428.119667503308
lt_mean_high=5951.617439716974
lt_stdev=804.0144186419591
lt_stdev_low=563.4917690398488
lt_stdev_high=912.0251524481539
