chi2=1.7577305342239873
e0=10566.940146740508
lt=5623.278449846557
e0u=0.47481973279073214
ltu=7.375543828978712
lt_mean_diff=0.11384787087411465
lt_mean_low=5278.478752878679
lt_mean_high=5920.635247889183
lt_stdev=770.2831526192113
lt_stdev_low=506.65458169526875
lt_stdev_high=820.9505386198645
