chi2=0.9641087090304714
e0=10458.689388403209
lt=6224.152040027119
e0u=0.29369452721417627
ltu=5.113541608789675
lt_mean_diff=0.07888222049373189
lt_mean_low=5993.5186346182945
lt_mean_high=6486.018048987367
lt_stdev=830.4868181984749
lt_stdev_low=596.835548903955
lt_stdev_high=945.438623657621
