chi2=0.9549503969297121
e0=10342.02020200672
lt=5662.668667838648
e0u=0.24626091444742076
ltu=4.035787486580776
lt_mean_diff=0.047916271968095156
lt_mean_low=5566.842025901572
lt_mean_high=5839.34239200222
lt_stdev=775.597194095762
lt_stdev_low=642.0963929274658
lt_stdev_high=894.4042064713896
