chi2=0.9285305170636581
e0=10396.273359240919
lt=5719.156203833837
e0u=0.20241179378677437
ltu=3.27676704600855
lt_mean_diff=0.09358566780002772
lt_mean_low=5466.1347994517655
lt_mean_high=6003.176862282493
lt_stdev=794.3746213242229
lt_stdev_low=553.6670143934998
lt_stdev_high=896.7714586835649
