chi2=0.9368007770387652
e0=10424.710380708399
lt=5986.231794053276
e0u=0.21836141034612996
ltu=3.6926011277126394
lt_mean_diff=0.10142452760651004
lt_mean_low=5697.297429344224
lt_mean_high=6306.462803179516
lt_stdev=834.8984270148934
lt_stdev_low=534.2414055029664
lt_stdev_high=956.2873202287722
