chi2=0.9311846710007665
e0=10273.755486425196
lt=7168.097995878656
e0u=0.12838018026002154
ltu=2.7594925996732163
failedfit=[[0, 31], [1, 34], [2, 36], [3, 11], [3, 38], [4, 10], [4, 39], [5, 8], [5, 40], [6, 7], [6, 41], [7, 6], [7, 42], [8, 5], [10, 45], [11, 3], [11, 46], [13, 47], [15, 1], [15, 48], [16, 48], [18, 0], [19, 49], [21, 49], [25, 49], [29, 49], [30, 49], [31, 0], [34, 1], [34, 48], [36, 47], [38, 46], [39, 45], [41, 5], [41, 44], [42, 6], [42, 43], [43, 7], [43, 42], [44, 8], [44, 40], [44, 41], [45, 39], [46, 11], [46, 38]]
neventsinfailedbin=[64, 58, 81, 63, 9, 41, 22, 1, 30, 17, 80, 20, 53, 15, 41, 48, 19, 18, 70, 10, 68, 56, 40, 90, 86, 93, 10, 60, 79, 1, 8, 26, 17, 48, 1, 51, 1, 29, 4, 1, 50, 1, 48, 98, 53]
lt_mean_diff=0.07070349365899387
lt_mean_low=6941.839022607338
lt_mean_high=7450.816414966012
lt_stdev=1131.1888773452151
lt_stdev_low=938.8536228490123
lt_stdev_high=1241.7343526246882
