chi2=0.9320045507921892
e0=10427.459119023384
lt=6002.855470154053
e0u=0.2179018634855208
ltu=3.7036873953740455
lt_mean_diff=0.0979982986930269
lt_mean_low=5723.161421922422
lt_mean_high=6313.355773054205
lt_stdev=815.9244178810004
lt_stdev_low=553.9112183280881
lt_stdev_high=918.0536029833994
