chi2=0.9448114776895367
e0=10310.142193983591
lt=6858.497759988817
e0u=0.1532094174711192
ltu=3.0663664048766077
failedfit=[[0, 18], [0, 31], [1, 34], [2, 36], [3, 11], [3, 38], [4, 10], [4, 39], [5, 8], [5, 9], [5, 40], [6, 7], [6, 41], [7, 6], [7, 42], [8, 5], [8, 43], [10, 45], [11, 3], [11, 46], [13, 2], [13, 47], [15, 1], [15, 48], [16, 48], [18, 0], [18, 49], [19, 49], [20, 49], [21, 49], [25, 49], [29, 49], [30, 49], [31, 0], [31, 49], [33, 48], [34, 1], [34, 48], [35, 47], [36, 47], [38, 3], [38, 46], [39, 45], [41, 5], [41, 44], [42, 6], [43, 7], [44, 8], [44, 40], [45, 10], [45, 39], [46, 11], [46, 38], [47, 36], [48, 34], [49, 31]]
neventsinfailedbin=[90, 48, 35, 55, 45, 6, 27, 12, 3, 87, 20, 20, 60, 9, 39, 10, 99, 31, 42, 10, 98, 19, 42, 9, 58, 44, 2, 32, 78, 95, 61, 68, 16, 58, 2, 95, 61, 1, 83, 9, 74, 13, 19, 44, 3, 23, 23, 1, 35, 76, 31, 58, 47, 99, 46, 86]
lt_mean_diff=0.07182617664776124
lt_mean_low=6636.131774062316
lt_mean_high=7130.731010111399
lt_stdev=1020.1727174870615
lt_stdev_low=764.3479133893728
lt_stdev_high=1169.0446691521772
