chi2=0.9578861755143244
e0=9853.996118626055
lt=7354.206120981075
e0u=0.5316085015051972
ltu=10.46496085589148
lt_mean_diff=0.02417415918145931
lt_mean_low=7307.056440805171
lt_mean_high=7485.894757853985
lt_stdev=1480.989962304091
lt_stdev_low=1509.4559485564323
lt_stdev_high=1447.4679471456495
