chi2=0.9231451984628225
e0=10119.861721564595
lt=4712.792206675542
e0u=0.25988257709200313
ltu=3.491108525902335
lt_mean_diff=0.05085892319702935
lt_mean_low=4606.985975368183
lt_mean_high=4847.506411635451
lt_stdev=499.0719423141797
lt_stdev_low=376.98344037457224
lt_stdev_high=569.385948510722
