chi2=0.9662997784249474
e0=10434.77566639634
lt=6299.497630718361
e0u=0.21927726591660687
ltu=3.8975964154323957
lt_mean_diff=0.07692421789790972
lt_mean_low=6073.175576644758
lt_mean_high=6559.326467854614
lt_stdev=843.4091388737412
lt_stdev_low=614.221670437605
lt_stdev_high=958.7496353243723
