chi2=0.9285130122871272
e0=10344.172890065698
lt=7325.932528932239
e0u=0.2097510664070353
ltu=4.401472126529768
failedfit=[[0, 18], [0, 29], [0, 30], [0, 31], [1, 15], [1, 33], [1, 34], [2, 13], [2, 35], [2, 36], [3, 11], [3, 37], [3, 38], [4, 10], [4, 39], [5, 8], [5, 9], [5, 40], [6, 7], [6, 41], [7, 6], [7, 42], [8, 5], [8, 43], [9, 44], [10, 4], [10, 45], [11, 3], [11, 46], [12, 46], [13, 2], [13, 47], [14, 47], [15, 1], [15, 48], [16, 48], [17, 48], [18, 0], [19, 0], [19, 49], [20, 49], [21, 49], [22, 49], [23, 49], [24, 49], [25, 49], [26, 49], [27, 49], [28, 49], [29, 49], [30, 0], [30, 49], [31, 0], [33, 48], [34, 1], [35, 47], [36, 2], [36, 47], [37, 46], [38, 3], [38, 46], [39, 45], [41, 5], [41, 44], [42, 6], [42, 43], [43, 7], [43, 41], [44, 9], [44, 40], [45, 10], [45, 39], [46, 11], [46, 38], [47, 13], [47, 36], [48, 15], [48, 34], [49, 18], [49, 31]]
neventsinfailedbin=[40, 98, 84, 17, 41, 60, 20, 70, 95, 20, 26, 77, 3, 10, 6, 1, 49, 6, 4, 21, 6, 16, 7, 59, 48, 87, 10, 20, 5, 48, 41, 6, 47, 23, 6, 29, 76, 29, 75, 9, 32, 43, 65, 79, 69, 21, 57, 67, 48, 30, 90, 3, 16, 32, 31, 43, 65, 3, 87, 42, 11, 14, 15, 3, 20, 4, 8, 59, 58, 15, 43, 22, 36, 21, 72, 54, 63, 26, 61, 30]
lt_mean_diff=0.0761468755062252
lt_mean_low=7074.281974136665
lt_mean_high=7634.606240768684
lt_stdev=1076.4037057949347
lt_stdev_low=826.5569992867037
lt_stdev_high=1210.7457339318537
