chi2=0.9231269672624138
e0=10362.490094160392
lt=5423.782944982152
e0u=0.1831712148739827
ltu=2.8592273911352675
lt_mean_diff=0.0987072134242767
lt_mean_low=5171.030862954273
lt_mean_high=5708.332541573433
lt_stdev=764.648902516022
lt_stdev_low=517.078611534052
lt_stdev_high=866.610567866768
