chi2=1.0681622397921915
e0=10509.751460666304
lt=6192.429356645891
e0u=0.3625203094010093
ltu=6.213681092767533
lt_mean_diff=0.10777173389107364
lt_mean_low=5872.070198033401
lt_mean_high=6541.589406004377
lt_stdev=840.3734476851611
lt_stdev_low=601.1872421256942
lt_stdev_high=905.1889535427724
