chi2=0.92307416856683
e0=10388.552693470005
lt=7838.867695912187
e0u=0.21612860752127475
ltu=4.84231927041909
failedfit=[[0, 18], [0, 30], [0, 31], [1, 15], [1, 33], [1, 34], [2, 13], [2, 36], [3, 11], [3, 37], [3, 38], [4, 10], [4, 39], [5, 9], [5, 40], [6, 7], [6, 41], [7, 6], [7, 42], [8, 5], [8, 43], [9, 44], [10, 4], [10, 45], [11, 3], [11, 46], [12, 46], [13, 2], [13, 47], [14, 47], [15, 1], [15, 48], [16, 48], [17, 48], [18, 0], [18, 49], [19, 0], [19, 49], [20, 49], [21, 49], [22, 49], [23, 49], [24, 49], [25, 49], [26, 49], [27, 49], [28, 49], [29, 49], [30, 0], [30, 49], [31, 0], [33, 48], [34, 1], [34, 48], [35, 47], [36, 2], [36, 47], [37, 46], [38, 3], [38, 46], [39, 45], [41, 5], [41, 44], [42, 6], [42, 43], [43, 7], [43, 41], [44, 9], [44, 40], [44, 41], [45, 10], [45, 39], [46, 11], [46, 38], [47, 13], [47, 36], [48, 15], [48, 34], [49, 18], [49, 31]]
neventsinfailedbin=[37, 93, 26, 54, 72, 15, 69, 24, 33, 61, 2, 20, 11, 40, 16, 5, 32, 8, 9, 4, 53, 70, 92, 13, 32, 7, 51, 53, 10, 60, 23, 1, 20, 81, 20, 1, 90, 9, 36, 39, 60, 81, 64, 22, 53, 64, 40, 32, 81, 2, 18, 37, 30, 1, 45, 65, 4, 95, 29, 8, 7, 16, 1, 33, 1, 6, 49, 51, 19, 1, 50, 15, 31, 19, 66, 50, 50, 35, 53, 34]
lt_mean_diff=0.070684659202712
lt_mean_low=7591.847564419813
lt_mean_high=8148.4068222554315
lt_stdev=1206.5490811036705
lt_stdev_low=957.6862788664291
lt_stdev_high=1351.8072735564099
