chi2=0.9138494069799544
e0=10381.147793404094
lt=7746.156421333124
e0u=0.21394779228782812
ltu=4.716184745347456
failedfit=[[0, 18], [0, 30], [0, 31], [1, 15], [1, 33], [1, 34], [2, 13], [2, 35], [2, 36], [3, 11], [3, 37], [3, 38], [4, 10], [4, 39], [5, 8], [5, 9], [5, 40], [6, 7], [6, 41], [7, 6], [7, 42], [8, 5], [8, 43], [9, 44], [10, 4], [10, 45], [11, 3], [11, 46], [12, 46], [13, 2], [13, 47], [14, 47], [15, 1], [15, 48], [16, 48], [17, 48], [18, 0], [19, 0], [19, 49], [20, 49], [21, 49], [22, 49], [23, 49], [24, 49], [25, 49], [26, 49], [27, 49], [28, 49], [29, 49], [30, 0], [30, 49], [31, 0], [33, 48], [34, 1], [34, 48], [35, 47], [36, 2], [36, 47], [37, 46], [38, 3], [38, 46], [39, 45], [41, 5], [42, 6], [42, 42], [43, 7], [43, 41], [44, 9], [44, 40], [45, 10], [45, 39], [46, 11], [46, 38], [47, 13], [47, 36], [48, 15], [48, 34], [49, 18], [49, 31]]
neventsinfailedbin=[57, 72, 13, 40, 63, 18, 69, 96, 24, 18, 68, 2, 11, 6, 1, 58, 8, 3, 42, 6, 22, 3, 47, 48, 86, 10, 23, 6, 58, 48, 8, 63, 24, 5, 28, 66, 25, 91, 13, 36, 27, 58, 73, 78, 19, 51, 53, 45, 20, 86, 5, 26, 34, 29, 1, 49, 69, 4, 82, 26, 9, 10, 12, 13, 71, 9, 49, 48, 13, 35, 18, 35, 25, 63, 53, 63, 34, 64, 27]
lt_mean_diff=0.08976745355890242
lt_mean_low=7428.29347640043
lt_mean_high=8126.919666710575
lt_stdev=1203.8319296074226
lt_stdev_low=916.7715119575553
lt_stdev_high=1341.709047009378
