chi2=0.9844892444126624
e0=9760.544784633774
lt=6634.517092535484
e0u=0.36207206760930283
ltu=6.597797551728357
lt_mean_diff=0.07014242301706701
lt_mean_low=6420.764817717501
lt_mean_high=6887.789250631
lt_stdev=912.8127051794199
lt_stdev_low=754.3431483702518
lt_stdev_high=990.6632820082509
