chi2=0.9556067208118361
e0=10479.38053277299
lt=6482.15179583721
e0u=0.29143712388691384
ltu=5.308033291695239
lt_mean_diff=0.07973200555958333
lt_mean_low=6237.719563754762
lt_mean_high=6756.040115555658
lt_stdev=915.6763049002162
lt_stdev_low=742.8177219015963
lt_stdev_high=992.1360724630096
