chi2=0.9312850865708032
e0=10390.911206363764
lt=5775.060541147029
e0u=0.1916883190404938
ltu=3.1199144541072736
lt_mean_diff=0.0951066646359939
lt_mean_low=5516.7396065879875
lt_mean_high=6067.994344771832
lt_stdev=817.0836037499807
lt_stdev_low=580.1715153081983
lt_stdev_high=916.4010465597038
