chi2=0.9296999333763959
e0=10466.764452237683
lt=7683.916875559362
e0u=0.21640330191358928
ltu=4.7718752414796555
failedfit=[[0, 18], [0, 19], [0, 30], [0, 31], [1, 15], [1, 33], [1, 34], [2, 13], [2, 35], [2, 36], [3, 11], [3, 37], [3, 38], [4, 10], [4, 39], [5, 9], [5, 40], [6, 7], [6, 41], [7, 6], [7, 42], [8, 5], [8, 43], [9, 44], [10, 4], [10, 45], [11, 3], [11, 46], [12, 46], [13, 2], [13, 47], [14, 47], [15, 1], [15, 48], [16, 48], [17, 48], [18, 0], [19, 0], [19, 49], [20, 49], [21, 49], [22, 49], [23, 49], [24, 49], [25, 49], [26, 49], [27, 49], [28, 49], [29, 49], [30, 0], [30, 49], [31, 0], [32, 48], [33, 48], [34, 1], [34, 48], [35, 47], [36, 2], [36, 47], [37, 46], [38, 3], [38, 46], [39, 45], [41, 5], [41, 44], [42, 6], [43, 7], [43, 41], [44, 8], [44, 9], [44, 40], [45, 10], [45, 39], [46, 11], [46, 38], [47, 13], [47, 36], [48, 15], [48, 34], [49, 18], [49, 31]]
neventsinfailedbin=[32, 88, 71, 23, 49, 62, 4, 66, 95, 13, 28, 69, 7, 16, 9, 47, 11, 9, 31, 9, 16, 5, 56, 38, 74, 11, 26, 5, 54, 43, 4, 54, 17, 4, 17, 70, 18, 53, 13, 25, 28, 67, 72, 74, 18, 58, 68, 40, 27, 83, 4, 21, 98, 42, 26, 1, 44, 51, 1, 80, 32, 6, 6, 9, 1, 9, 5, 62, 1, 33, 11, 24, 21, 29, 23, 52, 46, 50, 28, 63, 36]
lt_mean_diff=0.07031093241418268
lt_mean_low=7443.333804379592
lt_mean_high=7986.024384737607
lt_stdev=1154.1918110583563
lt_stdev_low=927.5674057737102
lt_stdev_high=1282.8978632315277
