chi2=0.9444812378763394
e0=9768.100803217856
lt=9103.079976480327
e0u=1.0768939793080046
ltu=32.96492510072512
failedfit=[[0, 18], [0, 30], [0, 31], [1, 15], [1, 34], [2, 36], [3, 11], [3, 38], [4, 10], [4, 39], [5, 9], [5, 39], [5, 40], [6, 7], [6, 41], [7, 6], [7, 42], [8, 5], [8, 43], [9, 44], [10, 45], [11, 3], [12, 46], [13, 2], [13, 47], [14, 47], [15, 1], [15, 48], [16, 48], [17, 48], [18, 0], [18, 49], [19, 0], [19, 49], [20, 49], [21, 49], [22, 49], [23, 49], [24, 49], [25, 49], [26, 49], [27, 49], [28, 49], [29, 49], [30, 0], [30, 49], [31, 0], [31, 49], [32, 48], [33, 1], [33, 47], [33, 48], [34, 2], [34, 3], [34, 4], [34, 5], [34, 6], [34, 7], [34, 8], [34, 9], [34, 10], [34, 11], [34, 12], [34, 13], [34, 14], [34, 15], [34, 16], [34, 17], [34, 18], [34, 19], [34, 20], [34, 21], [34, 22], [34, 23], [34, 24], [34, 25], [34, 26], [34, 27], [34, 28], [34, 29], [34, 30], [34, 31], [34, 32], [34, 33], [34, 34], [34, 35], [34, 36], [34, 37], [34, 38], [34, 39], [34, 40], [34, 41], [34, 42], [34, 43], [34, 44], [34, 45], [34, 46], [34, 47], [35, 2], [35, 3], [35, 4], [35, 5], [35, 6], [35, 7], [35, 8], [35, 9], [35, 10], [35, 11], [35, 12], [35, 13], [35, 14], [35, 15], [35, 16], [35, 17], [35, 18], [35, 19], [35, 20], [35, 21], [35, 22], [35, 24], [35, 25], [35, 26], [35, 27], [35, 29], [35, 30], [35, 31], [35, 32], [35, 33], [35, 34], [35, 35], [35, 36], [35, 37], [35, 38], [35, 39], [35, 40], [35, 41], [35, 42], [35, 43], [35, 44], [35, 45], [35, 46], [36, 2], [36, 44], [36, 45], [36, 46], [37, 3], [37, 45], [37, 46], [38, 3], [38, 45], [39, 4], [39, 44], [39, 45], [40, 5], [40, 43], [40, 44], [41, 5], [41, 6], [41, 42], [41, 43], [41, 44], [42, 6], [42, 7], [42, 41], [42, 42], [42, 43], [43, 8], [43, 40], [43, 41], [44, 9], [44, 10], [44, 39], [44, 40], [45, 10], [45, 11], [45, 38], [46, 11], [46, 12], [46, 37], [46, 38], [47, 13], [47, 14], [47, 35], [47, 36], [48, 15], [48, 16], [48, 32], [48, 33], [48, 34], [49, 18], [49, 19], [49, 20], [49, 21], [49, 28], [49, 29], [49, 30], [49, 31]]
neventsinfailedbin=[51, 56, 21, 54, 21, 7, 51, 3, 8, 6, 57, 84, 3, 5, 8, 8, 16, 6, 57, 22, 22, 53, 32, 87, 5, 31, 27, 3, 23, 56, 37, 8, 81, 14, 26, 59, 67, 56, 52, 78, 65, 66, 39, 36, 89, 29, 33, 9, 46, 85, 60, 4, 13, 21, 25, 28, 37, 39, 44, 49, 63, 44, 60, 50, 52, 64, 68, 80, 80, 78, 83, 70, 72, 95, 86, 63, 89, 70, 91, 80, 80, 75, 73, 75, 95, 72, 72, 61, 68, 58, 64, 50, 53, 45, 25, 18, 9, 4, 1, 13, 25, 35, 28, 38, 32, 48, 48, 45, 58, 63, 59, 58, 85, 64, 64, 77, 74, 88, 92, 83, 88, 89, 86, 99, 86, 97, 93, 83, 87, 83, 70, 61, 53, 57, 42, 47, 51, 39, 27, 17, 2, 4, 92, 65, 17, 86, 67, 14, 7, 23, 31, 62, 17, 88, 79, 10, 2, 98, 78, 12, 1, 7, 66, 94, 24, 1, 28, 46, 5, 4, 84, 29, 3, 5, 94, 46, 2, 61, 43, 3, 38, 75, 67, 9, 16, 53, 97, 54, 10, 7, 21, 60, 69, 99, 37, 34, 8]
lt_mean_diff=-0.3990983087208941
lt_mean_low=29089.523574027968
lt_mean_high=19441.982924867392
lt_stdev=3085349.117326717
lt_stdev_low=4308538.885633249
lt_stdev_high=902889.9126456314
