chi2=0.9286198755864236
e0=10390.680442062352
lt=5433.788312836501
e0u=0.20335174349411372
ltu=3.121678388935263
lt_mean_diff=0.10327688170082787
lt_mean_low=5166.627292423243
lt_mean_high=5729.746403998132
lt_stdev=763.3571186482336
lt_stdev_low=507.4974513648786
lt_stdev_high=861.3413142992587
