chi2=0.933872542908089
e0=10324.918725860427
lt=5624.348519877914
e0u=0.2421960626164928
ltu=3.999762030538575
lt_mean_diff=0.0690444562226486
lt_mean_low=5484.168352325996
lt_mean_high=5874.265948160903
lt_stdev=770.53441425668
lt_stdev_low=568.4158333222246
lt_stdev_high=934.0259349230191
