chi2=0.9264001208956236
e0=10241.559963141923
lt=5917.703731835607
e0u=0.2392390847030714
ltu=4.0443131018672736
lt_mean_diff=0.0067164554567368485
lt_mean_low=5920.521587571123
lt_mean_high=5960.427405955042
lt_stdev=771.937041242023
lt_stdev_low=711.1207479159335
lt_stdev_high=822.5020285103027
