chi2=1.0264016891841616
e0=10245.695416735041
lt=5011.607077980557
e0u=0.35708880969938994
ltu=5.003977974133053
lt_mean_diff=0.06407158082485472
lt_mean_low=4867.880759673045
lt_mean_high=5190.249466731397
lt_stdev=537.1699864307936
lt_stdev_low=428.42349343564376
lt_stdev_high=582.5504828993544
