chi2=1.1647352784191893
e0=10492.357122770089
lt=6809.66178128401
e0u=0.5102115754035039
ltu=9.513572202687334
lt_mean_diff=0.012804152033075073
lt_mean_low=6787.437777904935
lt_mean_high=6874.983425208213
lt_stdev=915.3667074675635
lt_stdev_low=889.812479978029
lt_stdev_high=932.4600425833396
