chi2=0.9302593663674075
e0=10434.737897126286
lt=6007.237820172037
e0u=0.22429559506408356
ltu=3.80806977152858
lt_mean_diff=0.10591965572927153
lt_mean_low=5703.577618635957
lt_mean_high=6342.013671844341
lt_stdev=823.5963948802531
lt_stdev_low=546.6798004625728
lt_stdev_high=919.7068667979357
