chi2=0.9267160077523561
e0=10383.620581598003
lt=5393.761657558543
e0u=0.18176185915012052
ltu=2.7857676850303785
lt_mean_diff=0.11732204070910504
lt_mean_low=5090.107221410948
lt_mean_high=5725.007705927142
lt_stdev=771.5489101908627
lt_stdev_low=495.76756487301265
lt_stdev_high=858.4934313180429
