chi2=1.0177998096711982
e0=10522.035674095001
lt=5350.94922792828
e0u=0.3223073190915208
ltu=4.779980817172985
lt_mean_diff=0.10687461318688445
lt_mean_low=5087.482220899091
lt_mean_high=5661.6568834319105
lt_stdev=770.9934146062149
lt_stdev_low=574.9079825906294
lt_stdev_high=834.4217749306482
