chi2=0.9195864619502443
e0=10398.911460145498
lt=5739.635766968031
e0u=0.1915587174078204
ltu=3.108150195724663
lt_mean_diff=0.11095999036805304
lt_mean_low=5438.300168433155
lt_mean_high=6077.697587486003
lt_stdev=816.7827146656685
lt_stdev_low=534.8960056824409
lt_stdev_high=914.4298112004866
