chi2=0.9554253038668753
e0=10372.05669265678
lt=5845.954330387352
e0u=0.16088219285412003
ltu=2.7194683009325327
lt_mean_diff=0.05978351355821263
lt_mean_low=5687.198645703899
lt_mean_high=6037.796258204297
lt_stdev=842.4458175499581
lt_stdev_low=735.6150576357702
lt_stdev_high=902.1123361830197
