chi2=0.9953573577051987
e0=10517.904032761644
lt=6548.588987714324
e0u=0.33259904946937024
ltu=6.056509510205644
lt_mean_diff=0.08279961179633304
lt_mean_low=6294.149310578562
lt_mean_high=6838.144967892837
lt_stdev=890.355800408003
lt_stdev_low=695.5975233887281
lt_stdev_high=973.1745037226099
