chi2=0.9726509469047682
e0=10357.264996118787
lt=5418.356127437855
e0u=0.14981829831880242
ltu=2.3615364438489688
lt_mean_diff=0.076982110910825
lt_mean_low=5224.175602372337
lt_mean_high=5642.621344391138
lt_stdev=757.4941145297935
lt_stdev_low=558.2480541658048
lt_stdev_high=862.4499604291001
