chi2=0.958501223517878
e0=10411.864287284612
lt=5426.0130096050225
e0u=0.19330559026189367
ltu=2.9703047937741966
lt_mean_diff=0.11220005677581377
lt_mean_low=5135.280948297817
lt_mean_high=5746.187669696399
lt_stdev=755.6640073405669
lt_stdev_low=484.087158717368
lt_stdev_high=845.4306273000986
