chi2=0.949371899991361
e0=10328.175165510198
lt=5710.804493994622
e0u=0.230597462704532
ltu=3.856744677750903
lt_mean_diff=0.02392595486573494
lt_mean_low=5658.038150863653
lt_mean_high=5795.191535145562
lt_stdev=773.6423758632507
lt_stdev_low=744.0208188817899
lt_stdev_high=792.377006868921
