chi2=0.9382375268687134
e0=10310.787905993882
lt=5798.467971350557
e0u=0.23982523905935113
ltu=3.9741103999982057
lt_mean_diff=0.03979470936929592
lt_mean_low=5713.360549028452
lt_mean_high=5945.133909023468
lt_stdev=765.2280118386055
lt_stdev_low=692.5932327713049
lt_stdev_high=820.3851340790501
