chi2=0.9396444324904167
e0=10384.097835104394
lt=6822.8832793961665
e0u=0.3199349699069853
ltu=6.206403651585393
failedfit=[[0, 18], [0, 19], [0, 20], [0, 29], [0, 30], [0, 31], [1, 15], [1, 32], [1, 33], [1, 34], [2, 13], [2, 35], [2, 36], [3, 11], [3, 12], [3, 37], [3, 38], [4, 10], [4, 38], [4, 39], [5, 8], [5, 9], [5, 39], [5, 40], [6, 7], [6, 8], [6, 41], [7, 6], [7, 7], [7, 42], [8, 5], [8, 43], [9, 5], [9, 44], [10, 4], [10, 45], [11, 3], [11, 45], [11, 46], [12, 3], [12, 46], [13, 2], [13, 46], [13, 47], [14, 47], [15, 1], [15, 47], [15, 48], [16, 1], [16, 48], [17, 48], [18, 0], [18, 48], [18, 49], [19, 0], [19, 49], [20, 0], [20, 49], [21, 49], [22, 49], [23, 49], [24, 49], [25, 49], [26, 49], [27, 49], [28, 0], [28, 49], [29, 0], [29, 49], [30, 0], [30, 49], [31, 0], [31, 48], [31, 49], [32, 48], [33, 1], [33, 48], [34, 1], [34, 48], [35, 47], [36, 2], [36, 47], [37, 46], [38, 3], [38, 45], [38, 46], [39, 4], [39, 45], [40, 44], [41, 5], [41, 43], [41, 44], [42, 6], [42, 42], [42, 43], [43, 7], [43, 8], [43, 41], [43, 42], [44, 9], [44, 39], [44, 40], [45, 10], [45, 39], [46, 11], [46, 37], [46, 38], [47, 13], [47, 36], [48, 15], [48, 16], [48, 33], [48, 34], [49, 18], [49, 19], [49, 30], [49, 31]]
neventsinfailedbin=[20, 55, 98, 72, 59, 16, 23, 89, 42, 10, 38, 55, 19, 12, 91, 44, 2, 11, 98, 11, 1, 33, 81, 12, 4, 84, 30, 6, 98, 7, 2, 37, 84, 30, 35, 9, 12, 78, 5, 95, 24, 26, 99, 7, 36, 16, 70, 4, 68, 20, 51, 12, 87, 5, 39, 11, 72, 39, 24, 52, 68, 58, 34, 54, 56, 94, 45, 62, 36, 39, 11, 12, 80, 4, 74, 63, 40, 15, 3, 33, 24, 7, 34, 16, 100, 3, 76, 4, 62, 6, 74, 1, 3, 56, 1, 2, 76, 39, 1, 18, 98, 12, 20, 10, 18, 79, 6, 37, 28, 25, 100, 78, 15, 28, 71, 49, 16]
lt_mean_diff=0.071803382663503
lt_mean_low=6600.800314583521
lt_mean_high=7092.6868130119
lt_stdev=929.000046598689
lt_stdev_low=744.9210371354907
lt_stdev_high=1021.1977866949275
