chi2=0.9892875441800093
e0=10498.292983352656
lt=6429.279472698995
e0u=0.3134963181540767
ltu=5.6290969613734
lt_mean_diff=0.0890734742732585
lt_mean_low=6160.957303767521
lt_mean_high=6735.722622341327
lt_stdev=861.1839126537812
lt_stdev_low=637.482093433081
lt_stdev_high=950.8851450483614
