chi2=0.9641087090304714
e0=10458.689388403209
lt=6224.152040027119
e0u=0.29369452721417627
ltu=5.113541608789675
failedfit=[[0, 18], [0, 19], [0, 20], [0, 29], [0, 30], [0, 31], [1, 15], [1, 16], [1, 33], [1, 34], [2, 13], [2, 35], [2, 36], [3, 11], [3, 37], [3, 38], [4, 10], [4, 38], [4, 39], [5, 9], [5, 39], [5, 40], [6, 7], [6, 8], [6, 40], [6, 41], [7, 6], [7, 7], [7, 42], [8, 5], [8, 6], [8, 43], [9, 44], [10, 4], [10, 45], [11, 3], [11, 45], [11, 46], [12, 46], [13, 2], [13, 47], [14, 47], [15, 1], [15, 47], [15, 48], [16, 1], [16, 48], [17, 48], [18, 0], [18, 48], [19, 0], [19, 49], [20, 0], [20, 49], [21, 49], [22, 49], [23, 49], [24, 49], [25, 49], [26, 49], [27, 49], [28, 49], [29, 0], [29, 49], [30, 0], [30, 49], [31, 0], [31, 48], [32, 48], [33, 1], [33, 48], [34, 1], [35, 47], [36, 2], [36, 47], [37, 46], [38, 3], [38, 45], [38, 46], [39, 4], [39, 45], [40, 44], [41, 5], [41, 43], [41, 44], [42, 6], [42, 42], [43, 7], [43, 8], [43, 41], [44, 8], [44, 9], [44, 40], [45, 10], [45, 39], [46, 11], [46, 38], [47, 13], [47, 36], [48, 15], [48, 34], [49, 18], [49, 30], [49, 31]]
neventsinfailedbin=[26, 57, 81, 52, 34, 6, 20, 90, 36, 2, 37, 45, 8, 12, 25, 2, 4, 79, 3, 28, 78, 5, 4, 89, 98, 16, 3, 90, 6, 5, 99, 21, 38, 54, 5, 15, 65, 3, 38, 25, 5, 25, 7, 64, 1, 73, 16, 26, 14, 61, 36, 8, 81, 24, 20, 32, 50, 32, 12, 37, 32, 29, 91, 16, 46, 5, 15, 88, 63, 81, 16, 10, 21, 28, 2, 33, 20, 86, 2, 78, 5, 58, 2, 70, 2, 7, 33, 1, 88, 23, 1, 19, 5, 16, 6, 21, 10, 37, 32, 33, 27, 38, 59, 14]
lt_mean_diff=0.07888222049373189
lt_mean_low=5993.5186346182945
lt_mean_high=6486.018048987367
lt_stdev=830.4868181984749
lt_stdev_low=596.835548903955
lt_stdev_high=945.438623657621
