chi2=0.9463460566004445
e0=10364.943555842747
lt=5996.578352883272
e0u=0.2105372237724099
ltu=3.5700813902642774
failedfit=[[0, 18], [0, 30], [0, 31], [1, 15], [1, 33], [1, 34], [2, 13], [2, 36], [3, 11], [3, 37], [3, 38], [4, 10], [4, 39], [5, 8], [5, 9], [5, 40], [6, 7], [6, 41], [7, 6], [7, 42], [8, 5], [8, 43], [9, 44], [10, 4], [10, 45], [11, 3], [11, 46], [12, 46], [13, 2], [13, 47], [14, 47], [15, 1], [15, 48], [16, 48], [17, 48], [18, 0], [19, 0], [19, 49], [20, 49], [21, 49], [22, 49], [23, 49], [24, 49], [25, 49], [26, 49], [27, 49], [28, 49], [29, 49], [30, 49], [31, 0], [33, 48], [34, 1], [35, 47], [36, 2], [36, 47], [37, 46], [38, 3], [38, 46], [39, 45], [41, 5], [41, 44], [42, 6], [42, 42], [43, 7], [43, 41], [44, 8], [44, 9], [44, 40], [45, 10], [45, 39], [46, 11], [46, 38], [47, 13], [47, 36], [48, 15], [48, 34], [49, 18], [49, 31]]
neventsinfailedbin=[44, 74, 20, 49, 67, 18, 63, 19, 35, 70, 1, 18, 5, 1, 32, 9, 5, 29, 8, 19, 4, 37, 50, 87, 10, 30, 4, 42, 47, 6, 64, 26, 3, 24, 77, 19, 73, 16, 33, 32, 67, 79, 83, 32, 67, 63, 47, 36, 8, 29, 28, 34, 46, 64, 1, 79, 27, 5, 10, 5, 2, 13, 97, 6, 49, 1, 40, 14, 30, 12, 33, 27, 64, 46, 53, 31, 65, 30]
lt_mean_diff=0.08166594460395604
lt_mean_low=5772.162063605512
lt_mean_high=6263.919062190564
lt_stdev=801.7173161950055
lt_stdev_low=626.0160137495933
lt_stdev_high=875.9750626385623
