chi2=1.089387839744054
e0=10547.89229290363
lt=6573.720914680331
e0u=0.36302247953558736
ltu=6.583130700630037
failedfit=[[0, 18], [0, 19], [0, 20], [0, 21], [0, 23], [0, 24], [0, 25], [0, 26], [0, 27], [0, 28], [0, 29], [0, 30], [0, 31], [1, 15], [1, 16], [1, 31], [1, 32], [1, 33], [1, 34], [2, 13], [2, 14], [2, 34], [2, 35], [2, 36], [3, 11], [3, 12], [3, 36], [3, 37], [4, 11], [4, 38], [4, 39], [5, 9], [5, 10], [5, 39], [5, 40], [6, 7], [6, 8], [6, 40], [6, 41], [7, 7], [7, 41], [7, 42], [8, 6], [8, 42], [8, 43], [9, 5], [9, 43], [9, 44], [10, 4], [10, 44], [10, 45], [11, 3], [11, 45], [11, 46], [12, 3], [12, 46], [13, 2], [13, 46], [13, 47], [14, 2], [14, 46], [14, 47], [15, 1], [15, 47], [16, 1], [16, 47], [16, 48], [17, 1], [17, 48], [18, 0], [18, 48], [19, 0], [19, 48], [19, 49], [20, 0], [20, 49], [21, 0], [21, 49], [22, 0], [22, 49], [23, 49], [24, 49], [25, 49], [26, 49], [27, 0], [27, 49], [28, 0], [28, 49], [29, 0], [29, 49], [30, 0], [30, 48], [31, 0], [31, 48], [32, 1], [32, 48], [33, 1], [33, 48], [34, 1], [34, 47], [35, 2], [35, 47], [36, 2], [36, 46], [36, 47], [37, 3], [37, 46], [38, 3], [38, 45], [38, 46], [39, 4], [39, 36], [39, 45], [40, 5], [40, 44], [41, 5], [41, 6], [41, 43], [41, 44], [42, 6], [42, 7], [42, 42], [43, 7], [43, 8], [43, 40], [43, 41], [44, 9], [44, 10], [44, 39], [44, 40], [45, 10], [45, 38], [45, 39], [46, 11], [46, 37], [46, 38], [47, 13], [47, 14], [47, 35], [47, 36], [48, 15], [48, 16], [48, 32], [48, 33], [48, 34], [49, 18], [49, 19], [49, 20], [49, 25], [49, 26], [49, 28], [49, 29], [49, 30], [49, 31]]
neventsinfailedbin=[14, 36, 48, 73, 94, 72, 87, 94, 79, 53, 41, 25, 7, 12, 57, 85, 55, 26, 9, 24, 80, 89, 36, 6, 7, 48, 87, 19, 83, 51, 4, 17, 83, 56, 4, 1, 40, 58, 5, 57, 72, 10, 61, 90, 16, 48, 96, 13, 33, 69, 2, 7, 43, 2, 54, 19, 13, 68, 1, 72, 92, 16, 13, 38, 48, 99, 12, 96, 19, 11, 47, 29, 94, 9, 40, 10, 66, 11, 75, 23, 28, 23, 10, 18, 70, 19, 62, 18, 59, 15, 25, 70, 8, 54, 93, 43, 35, 7, 4, 62, 71, 14, 18, 86, 3, 71, 29, 8, 75, 1, 55, 83, 4, 67, 27, 3, 88, 48, 1, 3, 72, 25, 2, 49, 83, 15, 12, 87, 81, 3, 13, 90, 1, 7, 68, 2, 30, 93, 63, 18, 25, 65, 99, 53, 8, 14, 38, 89, 98, 98, 82, 60, 41, 13]
lt_mean_diff=0.08741567254105531
lt_mean_low=6312.079001233107
lt_mean_high=6889.553182318591
lt_stdev=918.0377524972423
lt_stdev_low=705.4702727129281
lt_stdev_high=1005.9109404066655
