chi2=0.9195864619502443
e0=10398.911460145498
lt=5739.635766968031
e0u=0.1915587174078204
ltu=3.108150195724663
failedfit=[[0, 18], [0, 30], [0, 31], [1, 15], [1, 33], [1, 34], [2, 13], [2, 36], [3, 11], [3, 37], [3, 38], [4, 10], [4, 39], [5, 9], [5, 40], [6, 7], [6, 41], [7, 6], [7, 42], [8, 5], [8, 43], [9, 44], [10, 45], [11, 3], [11, 46], [12, 46], [13, 2], [13, 47], [14, 47], [15, 1], [15, 48], [16, 48], [17, 48], [18, 0], [19, 49], [20, 49], [21, 49], [22, 49], [23, 49], [24, 49], [25, 49], [26, 49], [27, 49], [28, 49], [29, 49], [30, 0], [30, 49], [31, 0], [33, 48], [34, 1], [34, 48], [35, 47], [36, 2], [36, 47], [38, 3], [38, 46], [39, 45], [41, 5], [41, 44], [42, 6], [42, 43], [43, 7], [43, 41], [44, 9], [44, 40], [45, 10], [45, 39], [46, 11], [46, 38], [47, 13], [47, 36], [48, 15], [48, 34], [49, 18], [49, 31]]
neventsinfailedbin=[62, 93, 15, 56, 79, 20, 91, 21, 30, 77, 2, 16, 10, 57, 10, 10, 30, 7, 17, 3, 42, 58, 11, 26, 4, 55, 52, 10, 51, 34, 8, 21, 74, 34, 11, 44, 35, 77, 93, 84, 25, 75, 74, 61, 38, 98, 6, 26, 47, 32, 2, 37, 85, 4, 27, 5, 7, 6, 4, 16, 1, 9, 55, 36, 19, 45, 12, 30, 16, 84, 74, 55, 40, 81, 37]
lt_mean_diff=0.11095999036805304
lt_mean_low=5438.300168433155
lt_mean_high=6077.697587486003
lt_stdev=816.7827146656685
lt_stdev_low=534.8960056824409
lt_stdev_high=914.4298112004866
