chi2=0.9763161764184999
e0=10062.575431908925
lt=5694.023496466943
e0u=0.3377601289126104
ltu=5.372731830623504
failedfit=[[0, 18], [0, 19], [0, 20], [0, 28], [0, 29], [0, 30], [0, 31], [1, 15], [1, 32], [1, 33], [1, 34], [2, 13], [2, 35], [2, 36], [3, 11], [3, 37], [3, 38], [4, 10], [4, 38], [4, 39], [5, 9], [5, 39], [5, 40], [6, 7], [6, 8], [6, 41], [7, 6], [7, 7], [7, 42], [8, 5], [8, 43], [9, 5], [9, 44], [10, 4], [10, 45], [11, 3], [11, 45], [12, 46], [13, 2], [13, 46], [13, 47], [14, 47], [15, 1], [15, 47], [15, 48], [16, 1], [16, 48], [17, 48], [18, 0], [18, 48], [19, 0], [19, 49], [20, 0], [20, 49], [21, 49], [22, 49], [23, 49], [24, 49], [25, 49], [26, 49], [27, 49], [28, 49], [29, 0], [29, 49], [30, 0], [30, 49], [31, 0], [31, 48], [31, 49], [32, 48], [33, 1], [33, 48], [34, 1], [34, 47], [35, 47], [36, 2], [36, 47], [37, 46], [38, 3], [38, 46], [39, 4], [39, 45], [40, 5], [40, 44], [41, 5], [41, 43], [42, 6], [42, 42], [42, 43], [43, 7], [43, 8], [43, 41], [44, 9], [44, 40], [45, 10], [45, 39], [46, 11], [46, 37], [46, 38], [47, 13], [47, 36], [48, 15], [48, 16], [48, 33], [48, 34], [49, 18], [49, 19], [49, 30], [49, 31]]
neventsinfailedbin=[17, 70, 76, 98, 60, 38, 8, 20, 74, 37, 5, 43, 44, 8, 13, 37, 2, 7, 83, 7, 20, 84, 4, 4, 95, 12, 6, 98, 7, 4, 25, 73, 17, 54, 5, 5, 70, 27, 24, 96, 5, 30, 12, 77, 1, 68, 8, 35, 13, 72, 53, 4, 85, 15, 15, 28, 46, 35, 18, 29, 31, 25, 66, 21, 43, 1, 11, 73, 1, 53, 66, 21, 12, 98, 24, 28, 3, 34, 14, 1, 72, 4, 97, 49, 6, 75, 2, 37, 1, 1, 57, 20, 15, 7, 14, 5, 16, 99, 6, 42, 18, 26, 96, 70, 23, 32, 66, 59, 24]
lt_mean_diff=0.057418611855277024
lt_mean_low=5544.011642669183
lt_mean_high=5871.906808229086
lt_stdev=717.3407202814349
lt_stdev_low=582.8786851762646
lt_stdev_high=794.3298737074896
