chi2=0.9185623915027767
e0=10462.936203229014
lt=8214.131618308396
e0u=0.24349724394864175
ltu=5.683217809577252
failedfit=[[0, 18], [0, 19], [0, 20], [0, 29], [0, 30], [0, 31], [1, 15], [1, 33], [1, 34], [2, 13], [2, 35], [2, 36], [3, 11], [3, 37], [3, 38], [4, 10], [4, 39], [5, 9], [5, 40], [6, 7], [6, 41], [7, 6], [7, 42], [8, 5], [8, 43], [9, 44], [10, 4], [10, 45], [11, 3], [11, 46], [12, 46], [13, 2], [13, 47], [14, 47], [15, 1], [15, 47], [15, 48], [16, 1], [16, 48], [17, 48], [18, 0], [18, 48], [19, 0], [19, 49], [20, 49], [21, 49], [22, 49], [23, 49], [24, 49], [25, 49], [26, 49], [27, 49], [28, 49], [29, 49], [30, 0], [30, 49], [31, 0], [32, 48], [33, 1], [33, 48], [34, 1], [35, 47], [36, 2], [36, 47], [37, 46], [38, 3], [38, 46], [39, 45], [40, 44], [41, 5], [41, 43], [41, 44], [42, 6], [42, 42], [43, 7], [43, 41], [44, 9], [44, 40], [45, 10], [45, 39], [46, 11], [46, 38], [47, 13], [47, 36], [48, 15], [48, 34], [49, 18], [49, 31]]
neventsinfailedbin=[25, 61, 98, 76, 54, 21, 32, 58, 17, 38, 98, 17, 20, 50, 4, 11, 4, 39, 13, 5, 15, 4, 13, 5, 29, 49, 73, 5, 21, 5, 37, 33, 6, 40, 10, 95, 4, 94, 20, 59, 22, 96, 58, 16, 18, 32, 58, 70, 65, 25, 40, 41, 33, 14, 60, 2, 13, 89, 96, 29, 14, 26, 47, 2, 69, 24, 7, 8, 76, 2, 92, 2, 9, 35, 3, 29, 28, 10, 24, 15, 18, 7, 41, 42, 32, 23, 42, 20]
lt_mean_diff=0.05344322883205278
lt_mean_low=8032.145819575452
lt_mean_high=8473.382511570288
lt_stdev=1273.032239235258
lt_stdev_low=1079.8590807726305
lt_stdev_high=1401.9428819741488
