chi2=0.9216446554128727
e0=10374.217046494552
lt=5673.914867358136
e0u=0.1837930307330037
ltu=2.956087705506412
failedfit=[[0, 18], [0, 31], [1, 15], [1, 33], [1, 34], [2, 13], [2, 36], [3, 11], [3, 37], [3, 38], [4, 10], [4, 39], [5, 9], [5, 40], [6, 7], [6, 41], [7, 6], [7, 42], [8, 5], [8, 43], [9, 44], [10, 45], [11, 3], [11, 46], [12, 46], [13, 2], [13, 47], [14, 47], [15, 1], [15, 48], [16, 48], [17, 48], [18, 0], [19, 49], [20, 49], [21, 49], [22, 49], [25, 49], [26, 49], [27, 49], [28, 49], [29, 49], [30, 49], [31, 0], [33, 48], [34, 1], [34, 48], [35, 47], [36, 2], [36, 47], [38, 3], [38, 46], [39, 45], [41, 5], [41, 44], [42, 6], [42, 43], [43, 7], [43, 41], [43, 42], [44, 8], [44, 9], [44, 40], [45, 10], [45, 39], [46, 11], [46, 38], [47, 13], [47, 36], [48, 15], [48, 34], [49, 18], [49, 31]]
neventsinfailedbin=[60, 25, 69, 94, 18, 81, 44, 32, 100, 5, 21, 7, 55, 12, 8, 36, 11, 15, 10, 52, 67, 9, 40, 10, 59, 62, 13, 71, 36, 6, 17, 86, 40, 15, 50, 44, 86, 16, 58, 79, 66, 43, 5, 36, 58, 28, 2, 50, 94, 3, 47, 8, 8, 9, 2, 15, 1, 8, 66, 1, 1, 48, 26, 43, 25, 46, 14, 89, 76, 63, 45, 82, 57]
lt_mean_diff=0.09195126723430509
lt_mean_low=5428.119667503308
lt_mean_high=5951.617439716974
lt_stdev=804.0144186419591
lt_stdev_low=563.4917690398488
lt_stdev_high=912.0251524481539
