chi2=0.9181534494513457
e0=10258.528916728066
lt=8769.70992831728
e0u=0.23422408158897817
ltu=5.8182350808650645
failedfit=[[0, 18], [0, 19], [0, 29], [0, 30], [0, 31], [1, 15], [1, 33], [1, 34], [2, 13], [2, 35], [2, 36], [3, 11], [3, 37], [3, 38], [4, 10], [4, 39], [5, 9], [5, 40], [6, 7], [6, 8], [6, 41], [7, 6], [7, 7], [7, 42], [8, 5], [8, 43], [9, 44], [10, 4], [10, 45], [11, 3], [11, 45], [11, 46], [12, 46], [13, 2], [13, 47], [14, 47], [15, 1], [15, 48], [16, 1], [16, 48], [17, 48], [18, 0], [19, 0], [19, 49], [20, 0], [20, 49], [21, 49], [22, 49], [23, 49], [24, 49], [25, 49], [26, 49], [27, 49], [28, 49], [29, 0], [29, 49], [30, 0], [30, 49], [31, 0], [32, 48], [33, 1], [33, 48], [34, 1], [34, 48], [35, 47], [36, 2], [36, 47], [37, 46], [38, 3], [38, 46], [39, 4], [39, 45], [40, 44], [41, 5], [41, 44], [42, 6], [42, 7], [42, 42], [43, 8], [43, 41], [44, 9], [44, 40], [45, 10], [45, 39], [46, 11], [46, 38], [47, 13], [47, 36], [48, 15], [48, 34], [49, 18], [49, 19], [49, 30], [49, 31]]
neventsinfailedbin=[27, 86, 77, 75, 14, 33, 47, 22, 43, 68, 24, 11, 55, 2, 3, 7, 32, 7, 2, 100, 21, 4, 84, 10, 6, 40, 43, 66, 8, 18, 90, 6, 44, 39, 6, 44, 9, 3, 85, 17, 52, 17, 57, 8, 95, 33, 32, 49, 63, 45, 10, 37, 50, 47, 83, 24, 58, 1, 16, 98, 74, 30, 17, 1, 28, 41, 3, 60, 20, 8, 100, 4, 68, 5, 1, 6, 88, 52, 75, 32, 23, 14, 22, 12, 26, 7, 41, 31, 30, 21, 33, 86, 84, 28]
lt_mean_diff=0.026137968343945696
lt_mean_low=8711.258960726587
lt_mean_high=8942.003471616605
lt_stdev=1532.2739193436198
lt_stdev_low=1382.5687818451863
lt_stdev_high=1657.738092014964
