chi2=0.9095061680792371
e0=10435.328547870718
lt=8158.139203633249
e0u=0.1781052723166527
ltu=4.1703886550141105
failedfit=[[0, 18], [0, 31], [1, 15], [1, 33], [1, 34], [2, 13], [2, 36], [3, 11], [3, 37], [3, 38], [4, 10], [4, 39], [5, 8], [5, 9], [5, 40], [6, 7], [6, 41], [7, 6], [7, 42], [8, 5], [8, 43], [9, 44], [10, 45], [11, 3], [11, 46], [12, 46], [13, 2], [13, 47], [14, 47], [15, 1], [15, 48], [16, 48], [17, 48], [18, 0], [19, 0], [19, 49], [20, 49], [21, 49], [22, 49], [25, 49], [26, 49], [27, 49], [28, 49], [29, 49], [30, 49], [31, 0], [33, 48], [34, 1], [35, 47], [36, 2], [36, 47], [38, 3], [38, 46], [39, 45], [41, 5], [41, 44], [42, 6], [43, 7], [43, 41], [44, 9], [44, 40], [45, 10], [45, 39], [46, 11], [46, 38], [47, 13], [47, 36], [48, 15], [48, 34], [49, 18], [49, 31]]
neventsinfailedbin=[61, 28, 53, 89, 30, 75, 34, 42, 81, 5, 29, 6, 1, 64, 25, 12, 51, 9, 25, 6, 78, 80, 21, 29, 14, 79, 65, 16, 78, 36, 8, 36, 76, 33, 99, 16, 48, 51, 83, 38, 89, 74, 72, 43, 1, 33, 48, 36, 55, 78, 4, 41, 6, 11, 16, 1, 13, 14, 63, 49, 17, 50, 21, 51, 29, 96, 75, 72, 61, 73, 59]
lt_mean_diff=0.0670762230250808
lt_mean_low=7919.070271333469
lt_mean_high=8468.918503570383
lt_stdev=1275.068404029128
lt_stdev_low=1050.0054039602628
lt_stdev_high=1409.6456721708619
