chi2=0.9639998244988952
e0=10030.448563001932
lt=6840.841440194972
e0u=0.4446926951388218
ltu=8.443579765968321
failedfit=[[0, 18], [0, 19], [0, 20], [0, 29], [0, 30], [0, 31], [1, 15], [1, 16], [1, 33], [1, 34], [2, 13], [2, 35], [2, 36], [3, 11], [3, 12], [3, 37], [3, 38], [4, 10], [4, 38], [4, 39], [5, 9], [5, 39], [5, 40], [6, 7], [6, 8], [6, 41], [7, 6], [7, 7], [7, 41], [7, 42], [8, 5], [8, 6], [8, 43], [9, 44], [10, 4], [10, 45], [11, 3], [11, 45], [11, 46], [12, 3], [12, 46], [13, 2], [13, 46], [13, 47], [14, 47], [15, 1], [15, 47], [15, 48], [16, 1], [16, 48], [17, 48], [18, 0], [18, 48], [18, 49], [19, 0], [19, 49], [20, 0], [20, 49], [21, 0], [21, 49], [22, 0], [22, 49], [23, 0], [23, 49], [24, 49], [25, 0], [25, 49], [26, 49], [27, 49], [28, 49], [29, 0], [29, 49], [30, 0], [30, 49], [31, 0], [31, 48], [31, 49], [32, 48], [33, 1], [33, 48], [34, 1], [34, 48], [35, 47], [36, 2], [36, 47], [37, 3], [37, 46], [38, 3], [38, 45], [38, 46], [39, 4], [39, 36], [39, 45], [40, 5], [40, 44], [41, 5], [41, 6], [41, 43], [42, 6], [42, 7], [42, 42], [42, 43], [43, 8], [43, 41], [44, 8], [44, 9], [44, 10], [44, 39], [44, 40], [45, 10], [45, 38], [45, 39], [46, 11], [46, 37], [46, 38], [47, 13], [47, 35], [47, 36], [48, 15], [48, 16], [48, 33], [48, 34], [49, 18], [49, 19], [49, 20], [49, 29], [49, 30], [49, 31]]
neventsinfailedbin=[24, 61, 76, 56, 32, 16, 20, 82, 52, 8, 27, 62, 16, 12, 94, 47, 3, 6, 98, 5, 20, 93, 6, 2, 75, 20, 2, 86, 100, 17, 1, 83, 33, 29, 38, 19, 9, 73, 5, 75, 32, 19, 100, 9, 31, 17, 72, 6, 64, 18, 42, 9, 76, 3, 39, 18, 62, 30, 86, 47, 85, 41, 91, 76, 63, 95, 50, 63, 49, 40, 64, 41, 30, 15, 15, 99, 4, 63, 52, 24, 10, 3, 37, 24, 7, 97, 48, 12, 99, 5, 58, 97, 17, 89, 53, 5, 99, 60, 4, 61, 39, 3, 35, 27, 1, 13, 91, 86, 6, 11, 96, 10, 11, 78, 7, 27, 86, 19, 26, 69, 43, 15, 18, 69, 96, 78, 38, 4]
lt_mean_diff=0.0422174018390114
lt_mean_low=6746.756126378277
lt_mean_high=7037.8045482737425
lt_stdev=1233.508966350539
lt_stdev_low=1109.946724439996
lt_stdev_high=1327.534743815435
