chi2=0.9179885708240414
e0=10271.068274776828
lt=8471.02078733894
e0u=0.23297881161987444
ltu=5.620927335662128
failedfit=[[0, 18], [0, 29], [0, 30], [0, 31], [1, 15], [1, 33], [1, 34], [2, 13], [2, 35], [2, 36], [3, 11], [3, 37], [3, 38], [4, 10], [4, 39], [5, 9], [5, 40], [6, 7], [6, 41], [7, 6], [7, 42], [8, 5], [8, 43], [9, 44], [10, 4], [10, 45], [11, 3], [11, 46], [12, 46], [13, 2], [13, 47], [14, 47], [15, 1], [15, 47], [15, 48], [16, 1], [16, 48], [17, 48], [18, 0], [19, 0], [19, 49], [20, 0], [20, 49], [21, 49], [22, 49], [23, 49], [24, 49], [25, 49], [26, 49], [27, 49], [28, 49], [29, 49], [30, 0], [30, 49], [31, 0], [32, 48], [33, 1], [33, 48], [34, 1], [35, 47], [36, 2], [37, 46], [38, 3], [38, 46], [39, 45], [40, 44], [41, 5], [41, 43], [42, 6], [42, 42], [43, 7], [43, 41], [43, 42], [44, 9], [44, 40], [45, 10], [45, 39], [46, 11], [46, 38], [47, 13], [47, 36], [48, 15], [48, 34], [49, 18], [49, 19], [49, 30], [49, 31]]
neventsinfailedbin=[33, 100, 56, 16, 24, 64, 9, 54, 75, 19, 28, 55, 4, 14, 12, 37, 14, 3, 17, 4, 13, 5, 43, 40, 59, 8, 23, 2, 50, 32, 5, 36, 25, 83, 3, 99, 15, 45, 20, 56, 10, 92, 40, 31, 49, 68, 58, 13, 50, 48, 41, 19, 70, 3, 18, 81, 98, 34, 23, 22, 60, 61, 15, 3, 3, 61, 9, 95, 10, 63, 8, 35, 1, 29, 13, 15, 9, 20, 13, 53, 42, 45, 37, 34, 91, 84, 26]
lt_mean_diff=0.03626681426930614
lt_mean_low=8357.002319564783
lt_mean_high=8665.76975878403
lt_stdev=1291.2447855115238
lt_stdev_low=1114.4915240374658
lt_stdev_high=1425.7111901495134
