chi2=0.9475051473562692
e0=10400.885787370662
lt=8969.10360227486
e0u=0.30269383272728306
ltu=7.628715625362798
failedfit=[[0, 18], [0, 19], [0, 20], [0, 21], [0, 24], [0, 27], [0, 28], [0, 29], [0, 30], [0, 31], [1, 15], [1, 16], [1, 31], [1, 32], [1, 33], [1, 34], [2, 13], [2, 14], [2, 35], [2, 36], [3, 11], [3, 12], [3, 37], [3, 38], [4, 10], [4, 11], [4, 38], [4, 39], [5, 9], [5, 39], [5, 40], [6, 7], [6, 8], [6, 40], [6, 41], [7, 6], [7, 7], [7, 41], [7, 42], [8, 5], [8, 6], [8, 42], [8, 43], [9, 5], [9, 43], [9, 44], [10, 4], [10, 44], [10, 45], [11, 3], [11, 45], [11, 46], [12, 3], [12, 46], [13, 2], [13, 46], [13, 47], [14, 2], [14, 47], [15, 1], [15, 47], [15, 48], [16, 1], [16, 48], [17, 1], [17, 48], [18, 0], [18, 48], [18, 49], [19, 0], [19, 49], [20, 0], [20, 49], [21, 0], [21, 49], [22, 0], [22, 49], [23, 0], [23, 49], [24, 0], [24, 49], [25, 0], [25, 49], [26, 49], [27, 0], [27, 49], [28, 0], [28, 49], [29, 0], [29, 49], [30, 0], [30, 49], [31, 0], [31, 48], [32, 1], [32, 48], [33, 1], [33, 48], [34, 1], [34, 47], [35, 2], [35, 47], [36, 2], [36, 46], [36, 47], [37, 3], [37, 46], [38, 3], [38, 45], [38, 46], [39, 4], [39, 45], [40, 5], [40, 44], [41, 5], [41, 6], [41, 43], [42, 6], [42, 7], [42, 42], [43, 7], [43, 8], [43, 40], [43, 41], [44, 9], [44, 39], [44, 40], [45, 10], [45, 38], [45, 39], [46, 11], [46, 37], [46, 38], [47, 13], [47, 35], [47, 36], [48, 15], [48, 16], [48, 33], [48, 34], [49, 18], [49, 19], [49, 20], [49, 25], [49, 28], [49, 29], [49, 30], [49, 31]]
neventsinfailedbin=[15, 38, 60, 73, 83, 94, 78, 32, 41, 11, 21, 49, 96, 61, 34, 9, 28, 72, 50, 13, 7, 59, 28, 1, 4, 81, 68, 4, 17, 66, 6, 3, 58, 68, 12, 1, 41, 70, 5, 6, 56, 73, 28, 63, 86, 27, 29, 91, 4, 7, 57, 3, 70, 28, 14, 77, 6, 66, 29, 6, 42, 2, 35, 17, 95, 22, 10, 62, 1, 40, 8, 54, 13, 76, 16, 83, 29, 84, 28, 76, 20, 90, 4, 18, 82, 30, 74, 26, 49, 14, 33, 1, 10, 64, 81, 59, 38, 18, 13, 94, 78, 16, 23, 99, 1, 89, 33, 11, 78, 2, 52, 2, 72, 42, 3, 62, 44, 4, 36, 22, 2, 42, 94, 18, 14, 95, 9, 15, 96, 4, 10, 69, 7, 17, 85, 18, 23, 75, 52, 10, 20, 60, 90, 91, 94, 76, 46, 16]
lt_mean_diff=0.04010733829353403
lt_mean_low=8850.536776315452
lt_mean_high=9212.867058590668
lt_stdev=1491.8130998469435
lt_stdev_low=1362.650209213147
lt_stdev_high=1587.481872053658
