chi2=0.9530530607987728
e0=10396.897679174297
lt=6685.242585967906
e0u=0.31519427138258516
ltu=6.051044761652251
failedfit=[[0, 18], [0, 19], [0, 20], [0, 29], [0, 30], [0, 31], [1, 15], [1, 33], [1, 34], [2, 13], [2, 35], [2, 36], [3, 11], [3, 12], [3, 37], [3, 38], [4, 10], [4, 39], [5, 9], [5, 39], [5, 40], [6, 7], [6, 8], [6, 41], [7, 6], [7, 7], [7, 42], [8, 5], [8, 43], [9, 5], [9, 44], [10, 4], [10, 45], [11, 3], [11, 45], [11, 46], [12, 3], [12, 46], [13, 2], [13, 47], [14, 2], [14, 47], [15, 1], [15, 47], [15, 48], [16, 1], [16, 48], [17, 48], [18, 0], [18, 48], [18, 49], [19, 0], [19, 49], [20, 0], [20, 49], [21, 0], [21, 49], [22, 49], [23, 49], [24, 49], [25, 49], [26, 49], [27, 49], [28, 49], [29, 0], [29, 49], [30, 0], [30, 49], [31, 0], [31, 48], [31, 49], [32, 48], [33, 1], [33, 48], [34, 1], [34, 48], [35, 47], [36, 2], [36, 47], [37, 46], [38, 3], [38, 45], [38, 46], [39, 4], [39, 45], [40, 44], [41, 5], [41, 43], [41, 44], [42, 6], [42, 42], [42, 43], [43, 7], [43, 8], [43, 41], [44, 9], [44, 39], [44, 40], [45, 10], [45, 39], [46, 11], [46, 37], [46, 38], [47, 13], [47, 36], [48, 15], [48, 16], [48, 33], [48, 34], [49, 18], [49, 19], [49, 30], [49, 31]]
neventsinfailedbin=[20, 45, 80, 87, 50, 26, 17, 50, 13, 37, 63, 18, 15, 94, 43, 2, 11, 4, 22, 96, 6, 1, 89, 20, 4, 98, 12, 3, 22, 88, 25, 39, 6, 13, 77, 5, 85, 27, 21, 2, 93, 37, 17, 73, 5, 72, 30, 39, 11, 98, 4, 45, 12, 72, 21, 95, 45, 45, 49, 54, 31, 55, 51, 55, 69, 34, 44, 14, 8, 90, 2, 83, 72, 26, 15, 2, 20, 31, 4, 53, 17, 88, 4, 69, 12, 58, 8, 76, 2, 8, 43, 1, 4, 81, 28, 24, 99, 9, 25, 8, 21, 93, 12, 24, 25, 33, 88, 64, 19, 22, 82, 58, 17]
lt_mean_diff=-0.026662611231894354
lt_mean_low=6798.686843491781
lt_mean_high=6619.831536776016
lt_stdev=919.816944597451
lt_stdev_low=968.7684695276573
lt_stdev_high=860.3520464869207
