chi2=0.9275073673696059
e0=10395.590578646965
lt=5303.373756320074
e0u=0.18685980081302214
ltu=2.8664419858422456
failedfit=[[0, 18], [0, 31], [1, 15], [1, 34], [2, 13], [2, 36], [3, 11], [3, 37], [3, 38], [4, 10], [4, 39], [5, 8], [5, 9], [5, 40], [6, 7], [6, 41], [7, 6], [7, 42], [8, 5], [8, 43], [9, 44], [10, 45], [11, 3], [11, 46], [12, 46], [13, 2], [13, 47], [14, 47], [15, 1], [15, 48], [16, 48], [18, 0], [19, 49], [20, 49], [21, 49], [22, 49], [23, 49], [24, 49], [25, 49], [26, 49], [27, 49], [28, 49], [29, 49], [30, 49], [31, 0], [33, 48], [34, 1], [34, 48], [35, 47], [36, 2], [36, 47], [38, 3], [38, 46], [39, 45], [41, 5], [41, 44], [42, 6], [43, 7], [43, 41], [44, 9], [44, 40], [45, 10], [45, 39], [46, 11], [46, 38], [47, 13], [47, 36], [48, 15], [48, 34], [49, 18], [49, 31]]
neventsinfailedbin=[64, 23, 58, 21, 71, 28, 21, 84, 4, 13, 6, 2, 45, 7, 7, 31, 11, 20, 8, 52, 58, 8, 36, 7, 60, 51, 11, 75, 25, 5, 28, 37, 10, 34, 39, 93, 94, 79, 19, 68, 61, 61, 33, 2, 27, 39, 32, 1, 35, 74, 2, 38, 9, 7, 5, 3, 11, 5, 44, 45, 16, 25, 11, 46, 33, 71, 60, 60, 41, 76, 46]
lt_mean_diff=0.10773962311553281
lt_mean_low=5031.708972082986
lt_mean_high=5605.106402973138
lt_stdev=743.5281702203142
lt_stdev_low=473.5802997532484
lt_stdev_high=843.0987169705103
