chi2=0.9480491210218409
e0=9804.677782638637
lt=8286.4398068189
e0u=0.4845661743159899
ltu=10.925012851076833
failedfit=[[0, 18], [0, 19], [0, 20], [0, 21], [0, 24], [0, 29], [0, 30], [0, 31], [1, 15], [1, 16], [1, 33], [1, 34], [2, 13], [2, 35], [2, 36], [3, 11], [3, 12], [3, 37], [3, 38], [4, 10], [4, 38], [4, 39], [5, 9], [5, 10], [5, 39], [5, 40], [6, 7], [6, 8], [6, 40], [6, 41], [7, 6], [7, 7], [7, 41], [7, 42], [8, 5], [8, 6], [8, 42], [8, 43], [9, 5], [9, 44], [10, 4], [10, 45], [11, 3], [11, 45], [11, 46], [12, 3], [12, 46], [13, 2], [13, 46], [13, 47], [14, 2], [14, 47], [15, 1], [15, 47], [15, 48], [16, 1], [16, 48], [17, 48], [18, 0], [18, 48], [19, 0], [19, 49], [20, 0], [20, 49], [21, 0], [21, 49], [22, 0], [22, 49], [23, 0], [23, 49], [24, 0], [24, 49], [25, 49], [26, 0], [26, 49], [27, 0], [27, 49], [28, 0], [28, 49], [29, 0], [29, 49], [30, 0], [30, 49], [31, 0], [31, 48], [32, 1], [32, 48], [33, 1], [33, 48], [34, 1], [34, 47], [34, 48], [35, 2], [35, 47], [36, 2], [36, 46], [36, 47], [37, 3], [37, 46], [38, 3], [38, 45], [38, 46], [39, 4], [39, 45], [40, 5], [40, 44], [41, 5], [41, 6], [41, 43], [42, 6], [42, 7], [42, 41], [42, 42], [43, 7], [43, 8], [43, 40], [43, 41], [44, 9], [44, 10], [44, 39], [44, 40], [45, 10], [45, 38], [45, 39], [46, 11], [46, 37], [46, 38], [47, 13], [47, 14], [47, 35], [47, 36], [48, 15], [48, 16], [48, 32], [48, 33], [48, 34], [49, 18], [49, 19], [49, 20], [49, 29], [49, 30], [49, 31]]
neventsinfailedbin=[21, 51, 78, 97, 90, 64, 31, 13, 26, 78, 37, 9, 31, 40, 14, 9, 94, 44, 1, 10, 68, 5, 18, 88, 73, 2, 1, 56, 90, 16, 2, 59, 99, 4, 4, 80, 96, 27, 72, 25, 32, 6, 7, 60, 2, 80, 25, 15, 99, 3, 76, 24, 5, 73, 4, 75, 12, 36, 16, 74, 41, 7, 53, 23, 62, 19, 96, 24, 98, 39, 99, 24, 6, 96, 25, 80, 34, 87, 17, 61, 16, 34, 4, 9, 79, 97, 57, 45, 17, 9, 90, 1, 73, 27, 22, 89, 2, 84, 44, 9, 73, 6, 45, 7, 63, 41, 5, 63, 59, 3, 55, 86, 29, 2, 34, 66, 15, 6, 75, 46, 6, 5, 72, 7, 13, 70, 7, 23, 89, 72, 18, 21, 46, 96, 60, 15, 19, 37, 61, 66, 41, 18]
lt_mean_diff=0.034549211209043154
lt_mean_low=8225.04119439124
lt_mean_high=8514.253592079054
lt_stdev=1953.7912439387526
lt_stdev_low=1807.9632679226022
lt_stdev_high=2077.0350047444786
