chi2=1.1104596170663021
e0=10609.574543681683
lt=6571.302271504394
e0u=0.41325524757447696
ltu=7.448841138198503
failedfit=[[0, 18], [0, 19], [0, 20], [0, 21], [0, 22], [0, 23], [0, 24], [0, 25], [0, 26], [0, 27], [0, 28], [0, 29], [0, 30], [0, 31], [1, 15], [1, 16], [1, 17], [1, 31], [1, 32], [1, 33], [1, 34], [2, 13], [2, 14], [2, 34], [2, 35], [2, 36], [3, 11], [3, 12], [3, 13], [3, 36], [3, 37], [4, 10], [4, 11], [4, 37], [4, 38], [4, 39], [5, 9], [5, 10], [5, 39], [6, 7], [6, 8], [6, 40], [6, 41], [7, 6], [7, 7], [7, 41], [7, 42], [8, 5], [8, 6], [8, 42], [8, 43], [9, 5], [9, 43], [9, 44], [10, 4], [10, 5], [10, 44], [10, 45], [11, 3], [11, 4], [11, 44], [11, 45], [12, 3], [12, 45], [12, 46], [13, 2], [13, 45], [13, 46], [14, 2], [14, 46], [14, 47], [15, 1], [15, 2], [15, 47], [15, 48], [16, 1], [16, 47], [16, 48], [17, 1], [17, 47], [17, 48], [18, 0], [18, 1], [18, 48], [19, 0], [19, 1], [19, 48], [19, 49], [20, 0], [20, 1], [20, 48], [20, 49], [21, 0], [21, 49], [22, 0], [22, 49], [23, 0], [23, 49], [24, 0], [24, 49], [25, 0], [25, 49], [26, 0], [26, 49], [27, 0], [27, 35], [27, 49], [28, 0], [28, 35], [28, 49], [29, 0], [29, 48], [29, 49], [30, 0], [30, 48], [31, 0], [31, 1], [31, 48], [32, 1], [32, 47], [32, 48], [33, 1], [33, 47], [33, 48], [34, 1], [34, 2], [34, 47], [35, 2], [35, 46], [35, 47], [36, 2], [36, 46], [36, 47], [37, 3], [37, 45], [37, 46], [38, 3], [38, 45], [38, 46], [39, 4], [39, 36], [39, 37], [39, 44], [40, 5], [40, 43], [40, 44], [41, 6], [41, 42], [41, 43], [42, 6], [42, 7], [42, 41], [42, 42], [43, 8], [43, 40], [43, 41], [44, 9], [44, 10], [44, 39], [44, 40], [45, 10], [45, 11], [45, 38], [45, 39], [46, 11], [46, 12], [46, 36], [46, 37], [46, 38], [47, 13], [47, 14], [47, 35], [47, 36], [48, 15], [48, 16], [48, 17], [48, 31], [48, 32], [48, 33], [48, 34], [49, 18], [49, 19], [49, 20], [49, 21], [49, 22], [49, 23], [49, 25], [49, 26], [49, 27], [49, 28], [49, 29], [49, 30], [49, 31]]
neventsinfailedbin=[10, 20, 48, 47, 63, 78, 48, 64, 88, 53, 38, 24, 16, 6, 16, 37, 78, 61, 51, 10, 3, 16, 59, 59, 27, 5, 5, 53, 96, 68, 12, 3, 66, 94, 30, 2, 10, 56, 39, 1, 39, 56, 9, 2, 41, 52, 2, 2, 46, 51, 11, 37, 77, 15, 24, 96, 53, 3, 4, 83, 91, 37, 39, 67, 13, 11, 93, 45, 57, 85, 11, 4, 77, 23, 1, 38, 54, 5, 54, 76, 19, 5, 91, 26, 22, 97, 63, 2, 37, 85, 87, 7, 47, 4, 57, 16, 77, 22, 75, 14, 69, 4, 83, 14, 53, 94, 16, 53, 88, 15, 45, 98, 6, 23, 61, 4, 91, 31, 56, 100, 21, 38, 75, 9, 9, 98, 53, 66, 95, 9, 19, 61, 1, 65, 76, 26, 4, 43, 1, 33, 71, 92, 51, 55, 89, 22, 59, 95, 34, 7, 59, 97, 16, 29, 63, 6, 13, 76, 47, 6, 9, 80, 73, 7, 6, 59, 90, 53, 4, 11, 78, 47, 11, 14, 49, 89, 95, 70, 29, 7, 16, 42, 42, 73, 96, 92, 85, 99, 88, 53, 58, 26, 7]
lt_mean_diff=0.0852924201626396
lt_mean_low=6309.492782348095
lt_mean_high=6872.083803055376
lt_stdev=909.9212257941961
lt_stdev_low=735.0069261042108
lt_stdev_high=974.6033043571032
