chi2=0.9358866029644771
e0=10391.48552058961
lt=9101.309644291341
e0u=0.2697980809874547
ltu=6.878706696140564
failedfit=[[0, 18], [0, 19], [0, 20], [0, 24], [0, 29], [0, 30], [0, 31], [1, 15], [1, 16], [1, 32], [1, 33], [1, 34], [2, 13], [2, 14], [2, 35], [2, 36], [3, 11], [3, 12], [3, 37], [4, 10], [4, 38], [4, 39], [5, 8], [5, 9], [5, 39], [5, 40], [6, 7], [6, 8], [6, 41], [7, 6], [7, 7], [7, 41], [7, 42], [8, 5], [8, 6], [8, 42], [8, 43], [9, 5], [9, 44], [10, 4], [10, 45], [11, 3], [11, 45], [11, 46], [12, 3], [12, 46], [13, 2], [13, 46], [13, 47], [14, 2], [14, 47], [15, 1], [15, 47], [15, 48], [16, 1], [16, 48], [17, 48], [18, 0], [18, 48], [19, 0], [19, 49], [20, 0], [20, 49], [21, 0], [21, 49], [22, 0], [22, 49], [23, 49], [24, 49], [25, 49], [26, 49], [27, 49], [28, 0], [28, 49], [29, 0], [29, 49], [30, 0], [30, 49], [31, 0], [31, 48], [32, 48], [33, 1], [33, 48], [34, 1], [35, 47], [36, 2], [37, 46], [38, 3], [38, 46], [39, 4], [39, 45], [40, 44], [41, 5], [41, 43], [42, 6], [42, 7], [42, 42], [43, 7], [43, 8], [43, 41], [44, 8], [44, 9], [44, 40], [45, 10], [45, 39], [46, 11], [46, 38], [47, 13], [47, 36], [48, 15], [48, 16], [48, 33], [48, 34], [49, 18], [49, 19], [49, 30], [49, 31]]
neventsinfailedbin=[27, 60, 65, 91, 60, 46, 6, 25, 79, 93, 37, 9, 24, 96, 61, 15, 11, 85, 42, 2, 89, 7, 1, 20, 78, 9, 4, 69, 9, 4, 61, 94, 3, 5, 80, 95, 25, 96, 40, 38, 6, 9, 63, 3, 86, 33, 16, 94, 2, 100, 26, 4, 58, 4, 54, 11, 33, 8, 82, 39, 5, 87, 24, 100, 21, 96, 38, 44, 28, 7, 21, 26, 92, 27, 89, 20, 38, 3, 9, 65, 68, 69, 29, 14, 21, 30, 41, 20, 5, 68, 3, 54, 5, 68, 4, 62, 39, 2, 59, 25, 1, 14, 7, 15, 8, 12, 11, 21, 28, 33, 91, 84, 19, 25, 64, 55, 19]
lt_mean_diff=0.04668946504339693
lt_mean_low=8947.622235263221
lt_mean_high=9375.474617693215
lt_stdev=1581.7215704244086
lt_stdev_low=1439.6953314587329
lt_stdev_high=1682.7060061353327
