chi2=0.9228811776576842
e0=10431.044677354888
lt=8069.968717601756
e0u=0.2291182783010007
ltu=5.293596595327355
failedfit=[[0, 18], [0, 19], [0, 29], [0, 30], [0, 31], [1, 15], [1, 33], [1, 34], [2, 13], [2, 35], [2, 36], [3, 11], [3, 37], [3, 38], [4, 10], [4, 39], [5, 8], [5, 9], [5, 40], [6, 7], [6, 41], [7, 6], [7, 42], [8, 5], [8, 43], [9, 44], [10, 4], [10, 45], [11, 3], [11, 45], [11, 46], [12, 46], [13, 2], [13, 47], [14, 47], [15, 1], [15, 48], [16, 48], [17, 48], [18, 0], [19, 0], [19, 49], [20, 49], [21, 49], [22, 49], [23, 49], [24, 49], [25, 49], [26, 49], [27, 49], [28, 49], [29, 49], [30, 0], [30, 49], [31, 0], [32, 48], [33, 48], [34, 1], [35, 47], [36, 2], [37, 46], [38, 3], [38, 46], [39, 45], [40, 44], [41, 5], [41, 43], [42, 6], [42, 42], [43, 7], [43, 41], [43, 42], [44, 8], [44, 9], [44, 40], [45, 10], [45, 39], [46, 11], [46, 38], [47, 13], [47, 36], [48, 15], [48, 34], [49, 18], [49, 30], [49, 31]]
neventsinfailedbin=[31, 85, 88, 57, 23, 28, 68, 13, 41, 92, 16, 20, 63, 2, 16, 6, 1, 33, 9, 7, 26, 6, 13, 2, 44, 59, 57, 12, 15, 95, 9, 53, 36, 6, 44, 15, 3, 16, 48, 28, 55, 12, 38, 34, 53, 58, 49, 18, 40, 41, 40, 34, 71, 3, 19, 77, 33, 18, 25, 48, 57, 32, 4, 6, 78, 4, 93, 11, 60, 5, 32, 1, 1, 34, 14, 26, 16, 26, 16, 51, 39, 38, 28, 43, 99, 25]
lt_mean_diff=-0.03903436526216393
lt_mean_low=8266.93708020013
lt_mean_high=7950.522838375756
lt_stdev=1277.0617891618633
lt_stdev_low=1321.082971205659
lt_stdev_high=1212.8993330138621
