chi2=0.9537643268538372
e0=9940.649501462183
lt=6759.191357066359
e0u=0.4481838136520297
ltu=8.527320224969348
failedfit=[[0, 18], [0, 19], [0, 20], [0, 29], [0, 30], [0, 31], [1, 15], [1, 16], [1, 33], [1, 34], [2, 13], [2, 35], [2, 36], [3, 11], [3, 12], [3, 37], [3, 38], [4, 10], [4, 38], [4, 39], [5, 8], [5, 9], [5, 39], [5, 40], [6, 7], [6, 8], [6, 40], [6, 41], [7, 6], [7, 42], [8, 5], [8, 43], [9, 5], [9, 44], [10, 4], [10, 44], [10, 45], [11, 3], [11, 45], [11, 46], [12, 3], [12, 46], [13, 2], [13, 46], [13, 47], [14, 2], [14, 47], [15, 1], [15, 47], [15, 48], [16, 1], [16, 48], [17, 48], [18, 0], [18, 48], [18, 49], [19, 0], [19, 49], [20, 0], [20, 49], [21, 49], [22, 0], [22, 49], [23, 49], [24, 49], [25, 49], [26, 49], [27, 49], [28, 0], [28, 49], [29, 0], [29, 49], [30, 0], [30, 49], [31, 0], [31, 48], [31, 49], [32, 48], [33, 1], [33, 48], [34, 1], [34, 48], [35, 47], [36, 2], [36, 46], [36, 47], [37, 3], [37, 46], [38, 3], [38, 45], [38, 46], [39, 4], [39, 36], [39, 45], [40, 5], [40, 44], [41, 5], [41, 43], [42, 6], [42, 42], [43, 7], [43, 8], [43, 40], [43, 41], [43, 42], [44, 9], [44, 10], [44, 39], [44, 40], [45, 10], [45, 38], [45, 39], [46, 11], [46, 37], [46, 38], [47, 13], [47, 36], [48, 15], [48, 16], [48, 33], [48, 34], [49, 18], [49, 19], [49, 20], [49, 29], [49, 30], [49, 31]]
neventsinfailedbin=[19, 51, 95, 43, 45, 11, 21, 75, 46, 9, 40, 73, 23, 15, 96, 46, 2, 6, 80, 8, 1, 17, 67, 7, 4, 100, 88, 9, 3, 19, 4, 26, 80, 26, 26, 80, 10, 6, 60, 3, 82, 34, 25, 92, 9, 98, 43, 13, 66, 2, 66, 15, 41, 10, 73, 2, 42, 6, 76, 32, 24, 94, 36, 48, 68, 36, 51, 47, 96, 27, 85, 30, 34, 9, 13, 83, 1, 52, 70, 20, 18, 2, 23, 27, 95, 5, 97, 34, 13, 71, 2, 75, 95, 12, 91, 38, 6, 46, 6, 28, 3, 52, 91, 16, 1, 12, 94, 66, 6, 9, 81, 4, 11, 74, 4, 34, 24, 20, 92, 60, 15, 19, 76, 82, 78, 55, 5]
lt_mean_diff=0.0272282942668663
lt_mean_low=6705.110199532981
lt_mean_high=6890.237632817814
lt_stdev=1055.3546187248273
lt_stdev_low=957.7241243396766
lt_stdev_high=1134.6990444298099
