chi2=0.9331500531748118
e0=10360.48211911452
lt=8987.83289645203
e0u=0.293155335831707
ltu=7.41070522362814
failedfit=[[0, 18], [0, 19], [0, 20], [0, 21], [0, 24], [0, 25], [0, 28], [0, 29], [0, 30], [0, 31], [1, 15], [1, 16], [1, 32], [1, 33], [1, 34], [2, 13], [2, 14], [2, 35], [2, 36], [3, 11], [3, 12], [3, 37], [3, 38], [4, 10], [4, 38], [4, 39], [5, 8], [5, 9], [5, 10], [5, 39], [5, 40], [6, 7], [6, 8], [6, 40], [6, 41], [7, 6], [7, 7], [7, 41], [7, 42], [8, 5], [8, 6], [8, 42], [8, 43], [9, 5], [9, 44], [10, 4], [10, 45], [11, 3], [11, 45], [11, 46], [12, 3], [12, 46], [13, 2], [13, 47], [14, 2], [14, 47], [15, 1], [15, 47], [15, 48], [16, 1], [16, 48], [17, 1], [17, 48], [18, 0], [18, 48], [19, 0], [19, 49], [20, 0], [20, 49], [21, 0], [21, 49], [22, 0], [22, 49], [23, 0], [23, 49], [24, 0], [24, 49], [25, 0], [25, 49], [26, 49], [27, 0], [27, 49], [28, 0], [28, 49], [29, 0], [29, 49], [30, 0], [30, 49], [31, 0], [31, 48], [32, 1], [32, 48], [33, 1], [33, 48], [34, 1], [34, 47], [35, 47], [36, 2], [36, 46], [36, 47], [37, 3], [37, 46], [38, 3], [38, 45], [38, 46], [39, 4], [39, 45], [40, 5], [40, 44], [41, 5], [41, 6], [41, 43], [42, 6], [42, 7], [42, 42], [42, 43], [43, 8], [43, 40], [43, 41], [44, 9], [44, 39], [44, 40], [45, 10], [45, 39], [46, 11], [46, 37], [46, 38], [47, 13], [47, 35], [47, 36], [48, 15], [48, 16], [48, 33], [48, 34], [49, 18], [49, 19], [49, 20], [49, 29], [49, 30], [49, 31]]
neventsinfailedbin=[13, 38, 62, 88, 69, 93, 67, 44, 31, 15, 12, 61, 90, 24, 9, 23, 73, 55, 6, 12, 81, 31, 1, 7, 73, 5, 1, 21, 92, 53, 4, 2, 59, 88, 13, 2, 33, 72, 5, 2, 81, 75, 24, 63, 28, 44, 4, 10, 62, 11, 64, 19, 20, 5, 69, 28, 16, 52, 1, 49, 18, 98, 37, 6, 57, 27, 5, 52, 25, 70, 13, 90, 25, 84, 40, 84, 21, 83, 1, 26, 71, 21, 82, 32, 60, 15, 44, 3, 8, 81, 86, 43, 55, 21, 22, 92, 18, 36, 100, 1, 96, 27, 16, 84, 4, 47, 3, 77, 38, 2, 93, 54, 1, 45, 23, 1, 46, 98, 17, 14, 84, 6, 13, 7, 9, 70, 5, 15, 88, 29, 22, 84, 53, 8, 18, 57, 87, 79, 47, 17]
lt_mean_diff=0.03839343568492498
lt_mean_low=8874.539356357041
lt_mean_high=9221.99705125272
lt_stdev=1504.5758744891716
lt_stdev_low=1368.5046090716794
lt_stdev_high=1608.5771031478919
