chi2=0.9214309355015834
e0=10382.69449732578
lt=9049.274940981915
e0u=0.2088112310926777
ltu=5.3450740996335835
failedfit=[[0, 18], [0, 19], [0, 30], [0, 31], [1, 15], [1, 33], [1, 34], [2, 13], [2, 35], [2, 36], [3, 11], [3, 37], [3, 38], [4, 10], [4, 39], [5, 8], [5, 9], [5, 40], [6, 7], [6, 41], [7, 6], [7, 42], [8, 5], [8, 43], [9, 44], [10, 4], [10, 45], [11, 3], [11, 46], [12, 46], [13, 2], [13, 47], [14, 47], [15, 1], [15, 48], [16, 48], [17, 48], [18, 0], [18, 49], [19, 0], [19, 49], [20, 49], [21, 49], [22, 49], [23, 49], [24, 49], [25, 49], [26, 49], [27, 49], [28, 49], [29, 49], [30, 0], [30, 49], [31, 0], [33, 48], [34, 1], [35, 47], [36, 2], [36, 47], [37, 46], [38, 3], [38, 46], [39, 45], [40, 44], [41, 5], [41, 44], [42, 6], [42, 42], [42, 43], [43, 7], [43, 8], [43, 41], [44, 9], [44, 40], [45, 10], [45, 39], [46, 11], [46, 38], [47, 13], [47, 36], [48, 15], [48, 34], [49, 18], [49, 31]]
neventsinfailedbin=[34, 83, 72, 21, 32, 69, 16, 60, 93, 30, 22, 65, 2, 10, 11, 1, 50, 17, 7, 29, 5, 14, 8, 53, 62, 79, 11, 13, 2, 49, 44, 3, 61, 20, 3, 23, 73, 29, 1, 70, 11, 37, 30, 52, 73, 43, 22, 53, 68, 54, 24, 84, 5, 24, 51, 17, 48, 46, 4, 61, 23, 5, 9, 97, 3, 2, 4, 57, 1, 1, 97, 37, 35, 15, 21, 12, 30, 18, 45, 43, 36, 27, 40, 31]
lt_mean_diff=0.03413857792101941
lt_mean_low=8948.550303124695
lt_mean_high=9259.421012532239
lt_stdev=1627.4169183626518
lt_stdev_low=1435.818160786114
lt_stdev_high=1780.9245630501102
