chi2=0.9668440264269508
e0=10471.732046744526
lt=6240.917530956257
e0u=0.3009380780316455
ltu=5.288812961183929
failedfit=[[0, 18], [0, 19], [0, 20], [0, 29], [0, 30], [0, 31], [1, 15], [1, 16], [1, 32], [1, 33], [1, 34], [2, 13], [2, 35], [2, 36], [3, 11], [3, 37], [3, 38], [4, 10], [4, 38], [4, 39], [5, 9], [5, 39], [5, 40], [6, 7], [6, 8], [6, 41], [7, 6], [7, 42], [8, 5], [8, 6], [8, 43], [9, 5], [9, 44], [10, 4], [10, 45], [11, 3], [11, 45], [12, 3], [12, 46], [13, 2], [13, 46], [13, 47], [14, 2], [14, 47], [15, 1], [15, 47], [15, 48], [16, 1], [16, 48], [17, 48], [18, 0], [18, 48], [19, 0], [19, 49], [20, 0], [20, 49], [21, 49], [22, 49], [23, 49], [24, 49], [25, 49], [26, 49], [27, 49], [28, 49], [29, 0], [29, 49], [30, 0], [31, 0], [31, 48], [32, 48], [33, 1], [33, 48], [34, 1], [35, 47], [36, 2], [36, 47], [37, 46], [38, 3], [38, 46], [39, 4], [39, 45], [40, 44], [41, 5], [41, 43], [41, 44], [42, 6], [42, 42], [43, 7], [43, 8], [43, 41], [44, 9], [44, 40], [45, 10], [45, 39], [46, 11], [46, 38], [47, 13], [47, 36], [48, 15], [48, 33], [48, 34], [49, 18], [49, 19], [49, 29], [49, 30], [49, 31]]
neventsinfailedbin=[24, 41, 82, 61, 40, 8, 21, 92, 90, 26, 1, 37, 53, 14, 13, 30, 2, 7, 94, 1, 16, 73, 4, 3, 94, 12, 2, 3, 3, 88, 16, 89, 31, 45, 7, 12, 67, 100, 37, 28, 91, 9, 95, 23, 10, 48, 2, 66, 8, 39, 7, 78, 30, 8, 88, 8, 20, 27, 33, 34, 13, 26, 26, 36, 66, 19, 51, 8, 89, 49, 56, 19, 16, 28, 29, 2, 39, 24, 3, 76, 3, 46, 1, 49, 1, 4, 45, 5, 76, 22, 24, 13, 12, 7, 15, 13, 28, 26, 30, 86, 25, 30, 80, 87, 58, 18]
lt_mean_diff=0.09795736364749269
lt_mean_low=5947.978702051796
lt_mean_high=6561.094552660923
lt_stdev=835.2647333942591
lt_stdev_low=577.1556382731053
lt_stdev_high=930.8765178094224
