chi2=0.9155794118707322
e0=10457.807054623498
lt=8150.325513786878
e0u=0.23829656902636817
ltu=5.528714641710588
failedfit=[[0, 18], [0, 19], [0, 20], [0, 29], [0, 30], [0, 31], [1, 15], [1, 33], [1, 34], [2, 13], [2, 35], [2, 36], [3, 11], [3, 37], [3, 38], [4, 10], [4, 39], [5, 8], [5, 9], [5, 40], [6, 7], [6, 41], [7, 6], [7, 42], [8, 5], [8, 43], [9, 44], [10, 4], [10, 45], [11, 3], [11, 45], [11, 46], [12, 46], [13, 2], [13, 47], [14, 47], [15, 1], [15, 47], [16, 1], [16, 48], [17, 48], [18, 0], [18, 48], [18, 49], [19, 0], [19, 49], [20, 49], [21, 49], [22, 49], [23, 49], [24, 49], [25, 49], [26, 49], [27, 49], [28, 49], [29, 0], [29, 49], [30, 0], [30, 49], [31, 0], [32, 48], [33, 1], [33, 48], [34, 1], [35, 47], [36, 2], [36, 47], [37, 46], [38, 3], [38, 46], [39, 4], [39, 45], [40, 44], [41, 5], [41, 43], [42, 6], [42, 42], [43, 7], [43, 41], [43, 42], [44, 8], [44, 9], [44, 40], [45, 10], [45, 39], [46, 11], [46, 38], [47, 13], [47, 36], [48, 15], [48, 34], [49, 18], [49, 30], [49, 31]]
neventsinfailedbin=[31, 60, 99, 80, 65, 16, 39, 55, 14, 47, 74, 15, 16, 52, 1, 12, 8, 1, 44, 15, 6, 19, 3, 15, 7, 42, 43, 48, 12, 9, 85, 8, 44, 41, 8, 39, 18, 93, 89, 19, 59, 25, 97, 1, 62, 7, 27, 28, 36, 59, 65, 9, 37, 51, 40, 99, 24, 75, 2, 16, 86, 92, 39, 18, 21, 44, 3, 89, 18, 2, 99, 7, 59, 2, 83, 6, 54, 5, 41, 1, 1, 32, 19, 23, 13, 21, 18, 48, 43, 32, 38, 39, 85, 22]
lt_mean_diff=0.06198710269801131
lt_mean_low=7932.834169426496
lt_mean_high=8440.547247490482
lt_stdev=1242.567410723786
lt_stdev_low=1000.3966399147847
lt_stdev_high=1394.1620423977013
