chi2=0.9280690905853407
e0=10463.104495155765
lt=8325.568054834353
e0u=0.24518928052441902
ltu=5.8393313727286715
failedfit=[[0, 18], [0, 19], [0, 20], [0, 29], [0, 30], [0, 31], [1, 15], [1, 33], [1, 34], [2, 13], [2, 35], [2, 36], [3, 11], [3, 37], [3, 38], [4, 10], [4, 39], [5, 9], [5, 40], [6, 7], [6, 41], [7, 6], [7, 42], [8, 5], [8, 43], [9, 44], [10, 4], [10, 45], [11, 3], [11, 45], [11, 46], [12, 46], [13, 2], [13, 47], [14, 47], [15, 1], [15, 47], [15, 48], [16, 1], [16, 48], [17, 48], [18, 0], [18, 48], [19, 0], [19, 49], [20, 49], [21, 49], [22, 49], [23, 49], [24, 49], [25, 49], [26, 49], [27, 49], [28, 49], [29, 49], [30, 0], [30, 49], [31, 0], [32, 48], [33, 48], [34, 1], [34, 48], [35, 47], [36, 2], [37, 46], [38, 3], [38, 46], [39, 45], [40, 44], [41, 5], [41, 43], [42, 6], [42, 42], [43, 7], [43, 41], [43, 42], [44, 9], [44, 40], [45, 10], [45, 39], [46, 11], [46, 38], [47, 13], [47, 36], [48, 15], [48, 34], [49, 18], [49, 19], [49, 30], [49, 31]]
neventsinfailedbin=[24, 72, 98, 85, 54, 14, 31, 45, 9, 53, 75, 16, 21, 54, 2, 7, 9, 37, 9, 8, 19, 3, 9, 4, 41, 41, 62, 8, 16, 71, 4, 42, 28, 11, 25, 11, 96, 4, 93, 15, 47, 12, 86, 56, 10, 28, 28, 61, 71, 62, 17, 33, 41, 38, 20, 66, 2, 22, 78, 36, 17, 1, 23, 48, 69, 23, 3, 3, 76, 6, 86, 11, 39, 7, 38, 1, 22, 23, 20, 10, 19, 10, 39, 40, 36, 27, 48, 98, 97, 29]
lt_mean_diff=0.056102334843921825
lt_mean_low=8125.937688376339
lt_mean_high=8595.202545326954
lt_stdev=1286.4941443873051
lt_stdev_low=1074.074868680641
lt_stdev_high=1425.45455989868
