chi2=0.9578861755143244
e0=9853.996118626055
lt=7354.206120981075
e0u=0.5316085015051972
ltu=10.46496085589148
failedfit=[[0, 18], [0, 19], [0, 29], [0, 30], [0, 31], [1, 15], [1, 32], [1, 33], [1, 34], [2, 13], [2, 35], [2, 36], [3, 11], [3, 37], [3, 38], [4, 10], [4, 38], [4, 39], [5, 9], [5, 39], [5, 40], [6, 7], [6, 8], [6, 41], [7, 6], [7, 42], [8, 5], [8, 43], [9, 44], [10, 4], [10, 45], [11, 3], [11, 45], [11, 46], [12, 46], [13, 2], [13, 47], [14, 47], [15, 1], [15, 47], [15, 48], [16, 1], [16, 48], [17, 48], [18, 0], [18, 48], [18, 49], [19, 0], [19, 49], [20, 0], [20, 49], [21, 49], [22, 49], [23, 49], [24, 49], [25, 49], [26, 49], [27, 49], [28, 49], [29, 0], [29, 49], [30, 0], [30, 49], [31, 0], [31, 49], [32, 48], [33, 1], [33, 48], [34, 1], [34, 48], [35, 47], [36, 2], [36, 47], [37, 46], [38, 3], [38, 46], [39, 4], [39, 45], [40, 44], [41, 5], [41, 43], [41, 44], [42, 6], [42, 42], [42, 43], [43, 7], [43, 8], [43, 41], [43, 42], [44, 9], [44, 40], [45, 10], [45, 39], [46, 11], [46, 38], [47, 13], [47, 36], [48, 15], [48, 33], [48, 34], [49, 18], [49, 19], [49, 30], [49, 31]]
neventsinfailedbin=[29, 77, 63, 40, 9, 18, 100, 47, 6, 41, 60, 13, 22, 49, 4, 6, 90, 5, 25, 86, 5, 5, 89, 21, 3, 11, 3, 30, 28, 64, 17, 6, 76, 4, 35, 21, 6, 28, 12, 73, 5, 74, 15, 53, 10, 84, 1, 64, 15, 80, 33, 45, 68, 65, 62, 40, 57, 60, 59, 95, 32, 49, 10, 10, 3, 86, 99, 29, 18, 2, 33, 28, 4, 48, 16, 9, 84, 16, 58, 6, 93, 2, 10, 60, 2, 2, 72, 33, 1, 19, 13, 21, 5, 14, 5, 40, 31, 31, 100, 19, 34, 98, 86, 20]
lt_mean_diff=0.02417415918145931
lt_mean_low=7307.056440805171
lt_mean_high=7485.894757853985
lt_stdev=1480.989962304091
lt_stdev_low=1509.4559485564323
lt_stdev_high=1447.4679471456495
