chi2=0.9653974571761829
e0=10491.542531877049
lt=9164.763432141437
e0u=0.34200608141239786
ltu=8.66986890580437
failedfit=[[0, 18], [0, 19], [0, 20], [0, 21], [0, 22], [0, 23], [0, 24], [0, 25], [0, 26], [0, 27], [0, 28], [0, 29], [0, 30], [0, 31], [1, 15], [1, 16], [1, 17], [1, 18], [1, 31], [1, 32], [1, 33], [1, 34], [2, 13], [2, 14], [2, 34], [2, 35], [2, 36], [3, 11], [3, 12], [3, 13], [3, 36], [3, 37], [3, 38], [4, 10], [4, 11], [4, 38], [4, 39], [5, 9], [5, 10], [5, 39], [5, 40], [6, 7], [6, 8], [6, 40], [6, 41], [7, 6], [7, 7], [7, 41], [7, 42], [8, 5], [8, 6], [8, 7], [8, 42], [8, 43], [9, 5], [9, 6], [9, 43], [9, 44], [10, 4], [10, 44], [10, 45], [11, 3], [11, 4], [11, 45], [11, 46], [12, 3], [12, 45], [12, 46], [13, 2], [13, 3], [13, 46], [14, 2], [14, 46], [14, 47], [15, 1], [15, 47], [15, 48], [16, 1], [16, 47], [16, 48], [17, 1], [17, 48], [18, 0], [18, 1], [18, 48], [19, 0], [19, 1], [19, 48], [19, 49], [20, 0], [20, 1], [20, 49], [21, 0], [21, 49], [22, 0], [22, 49], [23, 0], [23, 49], [24, 0], [24, 49], [25, 0], [25, 49], [26, 0], [26, 49], [27, 0], [27, 49], [28, 0], [28, 49], [29, 0], [29, 49], [30, 0], [30, 48], [30, 49], [31, 0], [31, 48], [32, 1], [32, 48], [33, 1], [33, 48], [34, 1], [34, 2], [34, 47], [35, 2], [35, 47], [36, 2], [36, 46], [36, 47], [37, 3], [37, 46], [38, 3], [38, 45], [38, 46], [39, 4], [39, 35], [39, 36], [39, 44], [39, 45], [40, 5], [40, 43], [40, 44], [41, 5], [41, 6], [41, 43], [41, 44], [42, 6], [42, 7], [42, 41], [42, 42], [43, 7], [43, 8], [43, 40], [43, 41], [43, 42], [44, 9], [44, 10], [44, 39], [44, 40], [45, 10], [45, 11], [45, 38], [45, 39], [46, 11], [46, 12], [46, 37], [46, 38], [47, 13], [47, 14], [47, 35], [47, 36], [48, 15], [48, 16], [48, 17], [48, 31], [48, 32], [48, 33], [48, 34], [49, 18], [49, 19], [49, 20], [49, 21], [49, 24], [49, 25], [49, 26], [49, 27], [49, 28], [49, 29], [49, 30], [49, 31]]
neventsinfailedbin=[4, 29, 46, 66, 86, 77, 39, 64, 75, 84, 64, 38, 20, 5, 8, 51, 86, 88, 70, 66, 18, 8, 22, 60, 84, 31, 9, 8, 51, 99, 60, 23, 2, 8, 64, 45, 1, 16, 60, 57, 3, 2, 50, 70, 16, 1, 30, 53, 2, 3, 46, 83, 48, 22, 60, 89, 81, 18, 27, 68, 1, 5, 89, 34, 1, 38, 92, 16, 6, 82, 54, 52, 98, 15, 6, 33, 2, 24, 95, 5, 62, 9, 6, 90, 51, 24, 99, 79, 5, 44, 96, 11, 42, 13, 49, 14, 64, 32, 65, 19, 76, 8, 61, 19, 68, 23, 56, 19, 36, 13, 26, 92, 1, 6, 68, 77, 30, 49, 12, 10, 97, 55, 56, 14, 19, 67, 2, 50, 26, 5, 59, 1, 40, 91, 99, 70, 1, 61, 97, 26, 1, 66, 42, 2, 1, 31, 72, 25, 2, 39, 62, 12, 1, 9, 90, 67, 2, 9, 95, 59, 4, 6, 88, 42, 1, 17, 71, 55, 14, 16, 39, 79, 87, 70, 49, 11, 16, 38, 65, 76, 84, 80, 88, 85, 66, 54, 31, 8]
lt_mean_diff=0.04679362739986535
lt_mean_low=9012.86793937711
lt_mean_high=9444.829091559332
lt_stdev=1602.361071894735
lt_stdev_low=1454.0037130290375
lt_stdev_high=1708.4972340147672
