chi2=0.9229909950349854
e0=9980.833893117946
lt=4093.1684426949087
e0u=0.2642509057679269
ltu=3.0823242497754926
failedfit=[[0, 18], [0, 19], [0, 29], [0, 30], [0, 31], [1, 15], [1, 33], [1, 34], [2, 13], [2, 35], [2, 36], [3, 11], [3, 37], [3, 38], [4, 10], [4, 39], [5, 8], [5, 9], [5, 40], [6, 7], [6, 41], [7, 6], [7, 42], [8, 5], [8, 43], [9, 44], [10, 4], [10, 45], [11, 3], [11, 45], [11, 46], [12, 46], [13, 2], [13, 47], [14, 47], [15, 1], [15, 47], [15, 48], [16, 48], [17, 48], [18, 0], [18, 48], [19, 0], [19, 49], [20, 49], [21, 49], [22, 49], [23, 49], [24, 49], [25, 49], [26, 49], [27, 49], [28, 49], [29, 49], [30, 0], [30, 49], [31, 0], [32, 48], [33, 48], [34, 1], [35, 47], [36, 2], [37, 46], [38, 3], [38, 46], [39, 45], [40, 44], [41, 5], [41, 43], [42, 6], [42, 42], [43, 7], [43, 41], [43, 42], [44, 8], [44, 9], [44, 40], [45, 10], [45, 39], [46, 11], [46, 38], [47, 13], [47, 36], [48, 15], [48, 34], [49, 18], [49, 30], [49, 31]]
neventsinfailedbin=[40, 97, 71, 53, 14, 39, 49, 6, 56, 60, 16, 26, 59, 2, 11, 1, 1, 32, 9, 4, 16, 5, 24, 3, 30, 49, 71, 4, 14, 87, 1, 39, 20, 4, 34, 28, 91, 2, 15, 57, 20, 85, 60, 4, 34, 26, 53, 58, 59, 23, 37, 44, 44, 21, 62, 2, 11, 82, 16, 23, 27, 63, 52, 28, 4, 6, 79, 1, 97, 9, 70, 3, 29, 1, 1, 16, 11, 19, 9, 24, 7, 50, 38, 45, 32, 46, 81, 38]
lt_mean_diff=0.019369401994495092
lt_mean_low=4066.4692588156154
lt_mean_high=4146.018640589179
lt_stdev=385.57614251791995
lt_stdev_low=327.57887809980286
lt_stdev_high=430.6480986558734
