chi2=0.9844892444126624
e0=9760.544784633774
lt=6634.517092535484
e0u=0.36207206760930283
ltu=6.597797551728357
failedfit=[[0, 18], [0, 19], [0, 20], [0, 21], [0, 27], [0, 28], [0, 29], [0, 30], [0, 31], [1, 15], [1, 16], [1, 31], [1, 32], [1, 33], [1, 34], [2, 13], [2, 14], [2, 35], [2, 36], [3, 11], [3, 12], [3, 36], [3, 37], [3, 38], [4, 10], [4, 38], [4, 39], [5, 9], [5, 39], [5, 40], [6, 7], [6, 8], [6, 40], [6, 41], [7, 6], [7, 7], [7, 42], [8, 5], [8, 6], [8, 42], [8, 43], [9, 5], [9, 44], [10, 4], [10, 45], [11, 3], [11, 45], [11, 46], [12, 3], [12, 46], [13, 2], [13, 46], [13, 47], [14, 2], [14, 47], [15, 1], [15, 47], [15, 48], [16, 1], [16, 48], [17, 48], [18, 0], [18, 48], [18, 49], [19, 0], [19, 48], [19, 49], [20, 0], [20, 49], [21, 0], [21, 49], [22, 49], [23, 49], [24, 49], [25, 49], [26, 49], [27, 49], [28, 0], [28, 49], [29, 0], [29, 49], [30, 0], [30, 48], [30, 49], [31, 0], [31, 48], [31, 49], [32, 48], [33, 1], [33, 48], [34, 1], [34, 47], [34, 48], [35, 2], [35, 47], [36, 2], [36, 46], [36, 47], [37, 3], [37, 46], [38, 3], [38, 45], [38, 46], [39, 4], [39, 45], [40, 5], [40, 44], [41, 5], [41, 6], [41, 43], [42, 6], [42, 7], [42, 42], [42, 43], [43, 7], [43, 8], [43, 40], [43, 41], [44, 9], [44, 39], [44, 40], [45, 10], [45, 38], [45, 39], [46, 11], [46, 37], [46, 38], [47, 13], [47, 14], [47, 35], [47, 36], [48, 15], [48, 16], [48, 33], [48, 34], [49, 18], [49, 19], [49, 28], [49, 29], [49, 30], [49, 31]]
neventsinfailedbin=[13, 30, 43, 89, 97, 63, 23, 32, 3, 14, 73, 96, 57, 24, 9, 19, 83, 38, 6, 5, 76, 96, 24, 1, 5, 61, 6, 15, 53, 2, 2, 72, 99, 8, 1, 82, 3, 2, 82, 72, 20, 61, 8, 44, 8, 13, 58, 2, 66, 25, 14, 75, 3, 77, 21, 9, 41, 1, 49, 5, 40, 9, 62, 1, 29, 97, 5, 54, 13, 85, 27, 35, 40, 29, 23, 34, 39, 75, 26, 52, 25, 33, 97, 11, 6, 71, 1, 52, 44, 16, 7, 89, 1, 77, 21, 21, 100, 1, 79, 36, 9, 79, 4, 46, 7, 75, 45, 7, 100, 67, 3, 91, 50, 1, 3, 47, 81, 17, 16, 82, 4, 12, 98, 5, 16, 79, 3, 26, 94, 94, 27, 15, 71, 48, 14, 20, 64, 86, 71, 45, 13]
lt_mean_diff=0.07014242301706701
lt_mean_low=6420.764817717501
lt_mean_high=6887.789250631
lt_stdev=912.8127051794199
lt_stdev_low=754.3431483702518
lt_stdev_high=990.6632820082509
