chi2=1.0264016891841616
e0=10245.695416735041
lt=5011.607077980557
e0u=0.35708880969938994
ltu=5.003977974133053
failedfit=[[0, 18], [0, 19], [0, 20], [0, 21], [0, 24], [0, 27], [0, 28], [0, 29], [0, 30], [0, 31], [1, 15], [1, 16], [1, 31], [1, 32], [1, 33], [1, 34], [2, 13], [2, 14], [2, 35], [2, 36], [3, 11], [3, 12], [3, 37], [3, 38], [4, 10], [4, 11], [4, 38], [4, 39], [5, 9], [5, 10], [5, 39], [5, 40], [6, 7], [6, 8], [6, 40], [6, 41], [7, 7], [7, 41], [7, 42], [8, 5], [8, 6], [8, 42], [8, 43], [9, 5], [9, 43], [9, 44], [10, 4], [10, 44], [10, 45], [11, 3], [11, 4], [11, 45], [11, 46], [12, 3], [12, 46], [13, 2], [13, 46], [13, 47], [14, 2], [14, 47], [15, 1], [15, 47], [16, 1], [16, 47], [16, 48], [17, 1], [17, 48], [18, 0], [18, 48], [18, 49], [19, 0], [19, 49], [20, 0], [20, 49], [21, 0], [21, 49], [22, 0], [22, 49], [23, 0], [23, 49], [24, 49], [25, 49], [26, 49], [27, 0], [27, 49], [28, 0], [28, 49], [29, 0], [29, 49], [30, 0], [30, 48], [30, 49], [31, 0], [31, 48], [32, 1], [32, 48], [33, 1], [33, 48], [34, 1], [34, 47], [35, 2], [35, 47], [36, 2], [36, 46], [36, 47], [37, 3], [37, 46], [38, 3], [38, 45], [38, 46], [39, 4], [39, 44], [40, 5], [40, 44], [41, 5], [41, 6], [41, 43], [42, 6], [42, 7], [42, 42], [42, 43], [43, 7], [43, 8], [43, 40], [43, 41], [44, 9], [44, 39], [44, 40], [45, 10], [45, 38], [45, 39], [46, 11], [46, 37], [46, 38], [47, 13], [47, 35], [47, 36], [48, 15], [48, 16], [48, 32], [48, 33], [48, 34], [49, 18], [49, 19], [49, 20], [49, 28], [49, 29], [49, 30], [49, 31]]
neventsinfailedbin=[22, 42, 61, 87, 94, 82, 65, 32, 41, 7, 14, 69, 99, 65, 31, 6, 21, 88, 46, 3, 8, 73, 24, 1, 4, 99, 61, 5, 16, 90, 43, 2, 2, 58, 80, 10, 84, 87, 9, 3, 88, 92, 15, 62, 95, 16, 31, 80, 2, 6, 99, 41, 2, 64, 21, 9, 69, 1, 89, 21, 7, 48, 58, 82, 8, 91, 19, 10, 38, 1, 23, 2, 60, 9, 84, 10, 86, 23, 96, 20, 17, 5, 23, 95, 19, 71, 15, 70, 8, 36, 77, 3, 8, 58, 83, 36, 40, 8, 9, 59, 85, 8, 33, 89, 1, 76, 36, 14, 60, 3, 58, 99, 53, 42, 5, 80, 35, 2, 77, 32, 1, 2, 48, 93, 18, 6, 73, 6, 14, 73, 3, 9, 71, 5, 32, 62, 22, 19, 80, 85, 56, 6, 10, 59, 93, 86, 71, 50, 13]
lt_mean_diff=0.06407158082485472
lt_mean_low=4867.880759673045
lt_mean_high=5190.249466731397
lt_stdev=537.1699864307936
lt_stdev_low=428.42349343564376
lt_stdev_high=582.5504828993544
