chi2=0.9265542664142701
e0=10367.416095141643
lt=6072.71308015655
e0u=0.20919819834882056
ltu=3.6092823998284183
failedfit=[[0, 18], [0, 30], [0, 31], [1, 15], [1, 33], [1, 34], [2, 13], [2, 36], [3, 11], [3, 37], [3, 38], [4, 10], [4, 39], [5, 8], [5, 9], [5, 40], [6, 7], [6, 41], [7, 6], [7, 42], [8, 5], [8, 43], [9, 44], [10, 4], [10, 45], [11, 3], [11, 46], [12, 46], [13, 2], [13, 47], [14, 47], [15, 1], [15, 48], [16, 48], [17, 48], [18, 0], [19, 0], [19, 49], [20, 49], [21, 49], [22, 49], [23, 49], [24, 49], [25, 49], [26, 49], [27, 49], [28, 49], [29, 49], [30, 49], [31, 0], [33, 48], [34, 1], [34, 48], [35, 47], [36, 2], [36, 47], [37, 46], [38, 3], [38, 46], [39, 45], [40, 44], [41, 5], [41, 44], [42, 6], [42, 42], [43, 7], [43, 41], [43, 42], [44, 9], [44, 40], [45, 10], [45, 39], [46, 11], [46, 38], [47, 13], [47, 36], [48, 15], [48, 34], [49, 18], [49, 31]]
neventsinfailedbin=[57, 93, 29, 52, 73, 18, 80, 28, 18, 73, 3, 11, 4, 1, 37, 5, 13, 27, 8, 13, 12, 34, 51, 96, 13, 22, 12, 51, 55, 10, 59, 21, 2, 19, 65, 26, 86, 9, 34, 35, 55, 90, 71, 22, 62, 63, 57, 34, 5, 20, 39, 35, 1, 39, 78, 3, 100, 45, 6, 10, 86, 10, 2, 11, 87, 6, 47, 1, 30, 24, 27, 19, 40, 26, 66, 53, 60, 44, 79, 36]
lt_mean_diff=-0.015542450267397074
lt_mean_low=6137.893396871352
lt_mean_high=6043.241984887982
lt_stdev=744.906061084733
lt_stdev_low=715.4271127007004
lt_stdev_high=769.5844531951512
