chi2=0.9421146676282475
e0=10424.950763006244
lt=9161.616526403963
e0u=0.3043688156880088
ltu=7.809544184760734
failedfit=[[0, 18], [0, 19], [0, 20], [0, 21], [0, 23], [0, 24], [0, 25], [0, 28], [0, 29], [0, 30], [0, 31], [1, 15], [1, 16], [1, 32], [1, 33], [1, 34], [2, 13], [2, 14], [2, 35], [2, 36], [3, 11], [3, 12], [3, 36], [3, 37], [4, 10], [4, 11], [4, 38], [4, 39], [5, 9], [5, 10], [5, 39], [5, 40], [6, 7], [6, 8], [6, 40], [6, 41], [7, 6], [7, 7], [7, 41], [7, 42], [8, 5], [8, 6], [8, 42], [8, 43], [9, 5], [9, 44], [10, 4], [10, 44], [10, 45], [11, 3], [11, 45], [11, 46], [12, 3], [12, 46], [13, 2], [13, 46], [13, 47], [14, 2], [14, 47], [15, 1], [15, 47], [15, 48], [16, 1], [16, 47], [16, 48], [17, 1], [17, 48], [18, 0], [18, 48], [19, 0], [19, 49], [20, 0], [20, 49], [21, 0], [21, 49], [22, 0], [22, 49], [23, 49], [24, 49], [25, 49], [26, 0], [26, 49], [27, 0], [27, 49], [28, 0], [28, 49], [29, 0], [29, 49], [30, 0], [31, 0], [31, 48], [32, 1], [32, 48], [33, 1], [33, 48], [34, 1], [34, 47], [35, 2], [35, 47], [36, 2], [36, 46], [37, 3], [37, 46], [38, 3], [38, 45], [38, 46], [39, 4], [39, 45], [40, 5], [40, 44], [41, 5], [41, 6], [41, 43], [42, 6], [42, 7], [42, 41], [42, 42], [43, 8], [43, 40], [43, 41], [44, 8], [44, 9], [44, 10], [44, 39], [44, 40], [45, 10], [45, 39], [46, 11], [46, 37], [46, 38], [47, 13], [47, 14], [47, 35], [47, 36], [48, 15], [48, 16], [48, 33], [48, 34], [49, 18], [49, 19], [49, 20], [49, 25], [49, 29], [49, 30], [49, 31]]
neventsinfailedbin=[19, 33, 48, 77, 92, 76, 97, 72, 45, 28, 5, 16, 55, 64, 24, 8, 16, 81, 35, 13, 7, 53, 99, 29, 8, 76, 59, 6, 21, 100, 69, 8, 2, 52, 84, 13, 1, 43, 80, 5, 3, 59, 82, 15, 71, 22, 41, 90, 10, 8, 46, 1, 71, 22, 11, 79, 7, 69, 19, 7, 51, 1, 42, 94, 9, 91, 20, 14, 52, 37, 5, 58, 17, 72, 14, 58, 28, 37, 23, 3, 85, 29, 95, 21, 80, 15, 44, 11, 33, 11, 64, 80, 57, 45, 18, 12, 83, 100, 17, 20, 86, 70, 36, 11, 70, 3, 57, 1, 90, 40, 2, 89, 59, 3, 47, 87, 27, 49, 84, 11, 1, 14, 88, 99, 7, 10, 4, 13, 73, 8, 26, 93, 83, 28, 23, 74, 38, 11, 24, 43, 89, 92, 78, 50, 12]
lt_mean_diff=0.04158560954257718
lt_mean_low=9032.99686335049
lt_mean_high=9416.70712445242
lt_stdev=1560.2529350446264
lt_stdev_low=1422.3213015630377
lt_stdev_high=1662.4958990974128
