chi2=0.9345874182709187
e0=10364.932143116439
lt=8982.663286438006
e0u=0.28891343676776415
ltu=7.2921756485746805
failedfit=[[0, 18], [0, 19], [0, 20], [0, 21], [0, 24], [0, 29], [0, 30], [0, 31], [1, 15], [1, 16], [1, 32], [1, 33], [1, 34], [2, 13], [2, 14], [2, 35], [2, 36], [3, 11], [3, 12], [3, 37], [3, 38], [4, 10], [4, 11], [4, 38], [4, 39], [5, 9], [5, 39], [5, 40], [6, 7], [6, 8], [6, 40], [6, 41], [7, 6], [7, 7], [7, 41], [7, 42], [8, 5], [8, 6], [8, 42], [8, 43], [9, 5], [9, 44], [10, 4], [10, 45], [11, 3], [11, 45], [11, 46], [12, 3], [12, 46], [13, 2], [13, 46], [13, 47], [14, 2], [14, 47], [15, 1], [15, 47], [15, 48], [16, 1], [16, 48], [17, 48], [18, 0], [18, 48], [18, 49], [19, 0], [19, 49], [20, 0], [20, 49], [21, 0], [21, 49], [22, 0], [22, 49], [23, 0], [23, 49], [24, 49], [25, 0], [25, 49], [26, 49], [27, 49], [28, 0], [28, 49], [29, 0], [29, 49], [30, 0], [30, 49], [31, 0], [31, 48], [32, 48], [33, 1], [33, 48], [34, 1], [34, 47], [35, 2], [35, 47], [36, 2], [36, 47], [37, 46], [38, 3], [38, 45], [38, 46], [39, 4], [39, 45], [40, 5], [40, 44], [41, 5], [41, 6], [41, 43], [42, 6], [42, 7], [42, 42], [43, 7], [43, 8], [43, 41], [44, 9], [44, 39], [44, 40], [45, 10], [45, 39], [46, 11], [46, 37], [46, 38], [47, 13], [47, 14], [47, 36], [48, 15], [48, 16], [48, 33], [48, 34], [49, 18], [49, 19], [49, 29], [49, 30], [49, 31]]
neventsinfailedbin=[20, 44, 61, 82, 84, 43, 31, 8, 17, 69, 65, 38, 10, 25, 88, 50, 12, 13, 72, 31, 1, 7, 99, 75, 7, 24, 63, 6, 3, 69, 89, 14, 1, 47, 93, 2, 3, 75, 88, 28, 50, 21, 40, 3, 14, 58, 1, 78, 20, 17, 78, 3, 92, 30, 12, 60, 1, 53, 9, 31, 9, 73, 1, 27, 13, 62, 14, 97, 29, 98, 28, 96, 36, 28, 87, 10, 22, 24, 91, 22, 68, 22, 33, 2, 8, 84, 65, 57, 19, 14, 96, 88, 10, 23, 4, 34, 13, 88, 4, 61, 2, 96, 61, 4, 88, 57, 2, 65, 24, 2, 52, 15, 15, 86, 5, 6, 5, 9, 79, 6, 30, 97, 29, 23, 80, 69, 14, 20, 55, 92, 55, 11]
lt_mean_diff=0.042768062780696156
lt_mean_low=8850.166638890341
lt_mean_high=9237.022189243216
lt_stdev=1493.1826488282966
lt_stdev_low=1362.7945025475344
lt_stdev_high=1587.7209017556836
