chi2=0.9197273721509387
e0=10421.325563249035
lt=8144.015785240579
e0u=0.23518732840366938
ltu=5.487182950283839
failedfit=[[0, 18], [0, 19], [0, 20], [0, 29], [0, 30], [0, 31], [1, 15], [1, 33], [1, 34], [2, 13], [2, 35], [2, 36], [3, 11], [3, 37], [3, 38], [4, 10], [4, 39], [5, 8], [5, 9], [5, 40], [6, 7], [6, 41], [7, 6], [7, 42], [8, 5], [8, 43], [9, 44], [10, 4], [10, 45], [11, 3], [11, 45], [11, 46], [12, 46], [13, 2], [13, 47], [14, 47], [15, 1], [15, 48], [16, 48], [17, 48], [18, 0], [19, 0], [19, 49], [20, 49], [21, 49], [22, 49], [23, 49], [24, 49], [25, 49], [26, 49], [27, 49], [28, 49], [29, 49], [30, 0], [30, 49], [31, 0], [32, 48], [33, 1], [33, 48], [34, 1], [34, 48], [35, 47], [36, 2], [36, 47], [37, 46], [38, 3], [38, 46], [39, 4], [39, 45], [40, 44], [41, 5], [41, 43], [42, 6], [42, 42], [43, 7], [43, 41], [44, 9], [44, 40], [45, 10], [45, 39], [46, 11], [46, 38], [47, 13], [47, 36], [48, 15], [48, 34], [49, 18], [49, 30], [49, 31]]
neventsinfailedbin=[41, 87, 100, 98, 71, 12, 34, 55, 10, 50, 87, 17, 23, 40, 3, 10, 4, 1, 35, 11, 4, 20, 7, 14, 5, 35, 46, 62, 4, 29, 88, 3, 37, 40, 10, 48, 13, 7, 19, 64, 18, 64, 8, 24, 21, 53, 49, 71, 18, 56, 38, 42, 34, 60, 2, 20, 93, 90, 46, 14, 1, 32, 51, 2, 70, 36, 2, 91, 8, 80, 7, 97, 8, 50, 5, 33, 21, 9, 24, 16, 25, 11, 32, 59, 24, 33, 33, 98, 25]
lt_mean_diff=0.06138601374069759
lt_mean_low=7924.732658393869
lt_mean_high=8426.850226349834
lt_stdev=1242.8128380498017
lt_stdev_low=1044.3076665280541
lt_stdev_high=1364.0563766763962
