chi2=0.9302593663674075
e0=10434.737897126286
lt=6007.237820172037
e0u=0.22429559506408356
ltu=3.80806977152858
failedfit=[[0, 18], [0, 30], [0, 31], [1, 15], [1, 33], [1, 34], [2, 13], [2, 35], [2, 36], [3, 11], [3, 37], [3, 38], [4, 10], [4, 39], [5, 8], [5, 9], [5, 40], [6, 7], [6, 41], [7, 6], [7, 42], [8, 5], [8, 43], [9, 44], [10, 4], [10, 45], [11, 3], [11, 45], [11, 46], [12, 46], [13, 2], [13, 47], [14, 47], [15, 1], [15, 48], [16, 1], [16, 48], [17, 48], [18, 0], [19, 0], [19, 49], [20, 49], [21, 49], [22, 49], [23, 49], [24, 49], [25, 49], [26, 49], [27, 49], [28, 49], [29, 49], [30, 0], [30, 49], [31, 0], [33, 48], [34, 1], [34, 48], [35, 47], [36, 2], [36, 47], [37, 46], [38, 3], [38, 46], [39, 45], [40, 44], [41, 5], [41, 44], [42, 6], [42, 42], [42, 43], [43, 7], [43, 41], [44, 9], [44, 40], [45, 10], [45, 39], [46, 11], [46, 38], [47, 13], [47, 36], [48, 15], [48, 34], [49, 18], [49, 31]]
neventsinfailedbin=[33, 74, 27, 41, 62, 18, 41, 75, 25, 21, 60, 1, 12, 6, 1, 42, 4, 8, 17, 7, 21, 7, 46, 46, 81, 6, 21, 94, 5, 55, 45, 4, 51, 31, 4, 92, 16, 61, 22, 77, 6, 19, 32, 51, 69, 54, 20, 52, 66, 55, 29, 91, 1, 19, 29, 19, 1, 30, 51, 4, 84, 23, 7, 5, 95, 8, 2, 10, 82, 1, 3, 56, 33, 19, 33, 16, 23, 22, 60, 36, 60, 38, 57, 33]
lt_mean_diff=0.10591965572927153
lt_mean_low=5703.577618635957
lt_mean_high=6342.013671844341
lt_stdev=823.5963948802531
lt_stdev_low=546.6798004625728
lt_stdev_high=919.7068667979357
