chi2=0.9457918319724676
e0=10463.213825752946
lt=6354.404910012917
e0u=0.29134804296092714
ltu=5.187178473624735
failedfit=[[0, 18], [0, 19], [0, 20], [0, 29], [0, 30], [0, 31], [1, 15], [1, 32], [1, 33], [1, 34], [2, 13], [2, 35], [2, 36], [3, 11], [3, 37], [3, 38], [4, 10], [4, 38], [4, 39], [5, 9], [5, 39], [5, 40], [6, 7], [6, 8], [6, 41], [7, 6], [7, 42], [8, 5], [8, 43], [9, 5], [9, 44], [10, 4], [10, 45], [11, 3], [11, 45], [11, 46], [12, 3], [12, 46], [13, 2], [13, 47], [14, 2], [14, 47], [15, 1], [15, 47], [15, 48], [16, 1], [16, 48], [17, 48], [18, 0], [18, 48], [18, 49], [19, 0], [19, 49], [20, 0], [20, 49], [21, 49], [22, 49], [23, 49], [24, 49], [25, 49], [26, 49], [27, 49], [28, 49], [29, 0], [29, 49], [30, 0], [30, 49], [31, 0], [31, 48], [32, 48], [33, 1], [33, 48], [34, 1], [34, 48], [35, 47], [36, 2], [37, 46], [38, 3], [38, 46], [39, 4], [39, 45], [40, 44], [41, 5], [41, 43], [42, 6], [42, 42], [42, 43], [43, 7], [43, 8], [43, 41], [43, 42], [44, 9], [44, 40], [45, 10], [45, 39], [46, 11], [46, 38], [47, 13], [47, 36], [48, 15], [48, 33], [48, 34], [49, 18], [49, 19], [49, 30], [49, 31]]
neventsinfailedbin=[28, 48, 91, 68, 41, 6, 29, 96, 24, 11, 35, 60, 6, 10, 31, 2, 4, 85, 2, 22, 78, 3, 2, 86, 15, 5, 6, 3, 30, 94, 29, 48, 5, 5, 57, 5, 100, 26, 26, 3, 88, 25, 16, 62, 4, 64, 13, 38, 18, 76, 1, 40, 5, 83, 19, 27, 35, 42, 47, 10, 31, 29, 30, 86, 13, 54, 2, 9, 92, 81, 66, 16, 17, 1, 11, 41, 53, 19, 5, 86, 4, 61, 2, 59, 6, 39, 1, 2, 63, 32, 2, 17, 6, 12, 11, 20, 8, 51, 38, 39, 84, 20, 29, 95, 69, 28]
lt_mean_diff=0.08734582167486689
lt_mean_low=6092.704912322974
lt_mean_high=6649.550199232785
lt_stdev=859.3547694453893
lt_stdev_low=653.410838204419
lt_stdev_high=942.5050084909889
