chi2=0.9125845093211553
e0=10509.059326035713
lt=7787.378684797483
e0u=0.22889332276496666
ltu=5.084727657676898
failedfit=[[0, 18], [0, 19], [0, 29], [0, 30], [0, 31], [1, 15], [1, 33], [1, 34], [2, 13], [2, 35], [2, 36], [3, 11], [3, 37], [3, 38], [4, 10], [4, 39], [5, 8], [5, 9], [5, 40], [6, 7], [6, 41], [7, 6], [7, 42], [8, 5], [8, 43], [9, 44], [10, 4], [10, 45], [11, 3], [11, 45], [11, 46], [12, 46], [13, 2], [13, 47], [14, 47], [15, 1], [15, 47], [15, 48], [16, 1], [16, 48], [17, 48], [18, 0], [18, 49], [19, 0], [19, 49], [20, 49], [21, 49], [22, 49], [23, 49], [24, 49], [25, 49], [26, 49], [27, 49], [28, 49], [29, 49], [30, 0], [30, 49], [31, 0], [33, 48], [34, 1], [35, 47], [36, 2], [36, 47], [37, 46], [38, 3], [38, 46], [39, 45], [40, 44], [41, 5], [41, 43], [41, 44], [42, 6], [42, 42], [43, 7], [43, 41], [44, 9], [44, 40], [45, 10], [45, 39], [46, 11], [46, 38], [47, 13], [47, 36], [48, 15], [48, 34], [49, 18], [49, 19], [49, 31]]
neventsinfailedbin=[33, 86, 100, 67, 14, 34, 72, 20, 43, 84, 17, 17, 54, 3, 10, 7, 2, 40, 8, 7, 29, 4, 14, 3, 30, 38, 88, 17, 20, 96, 1, 44, 35, 4, 38, 18, 94, 6, 86, 30, 62, 17, 1, 57, 7, 39, 32, 52, 76, 66, 18, 50, 65, 49, 36, 68, 4, 18, 32, 22, 32, 54, 1, 67, 27, 5, 3, 86, 3, 98, 1, 11, 58, 6, 33, 33, 6, 29, 11, 23, 20, 53, 48, 45, 30, 51, 98, 31]
lt_mean_diff=0.043019535490304524
lt_mean_low=7652.539393757663
lt_mean_high=7989.099240963884
lt_stdev=1134.1858025619786
lt_stdev_low=985.3199240075269
lt_stdev_high=1239.5717424400161
