chi2=0.9715199779153355
e0=10482.615998403551
lt=6302.008458077052
e0u=0.303867435812761
ltu=5.339876598525084
failedfit=[[0, 18], [0, 19], [0, 20], [0, 28], [0, 29], [0, 30], [0, 31], [1, 15], [1, 16], [1, 32], [1, 33], [1, 34], [2, 13], [2, 35], [2, 36], [3, 11], [3, 37], [4, 10], [4, 38], [4, 39], [5, 9], [5, 39], [5, 40], [6, 7], [6, 8], [6, 40], [6, 41], [7, 6], [7, 7], [7, 41], [7, 42], [8, 43], [9, 5], [9, 44], [10, 4], [10, 45], [11, 3], [11, 45], [11, 46], [12, 3], [12, 46], [13, 2], [13, 46], [13, 47], [14, 47], [15, 1], [15, 47], [15, 48], [16, 1], [16, 48], [17, 48], [18, 0], [18, 48], [19, 0], [19, 49], [20, 0], [20, 49], [21, 49], [22, 49], [23, 49], [24, 49], [25, 49], [26, 49], [27, 49], [28, 0], [28, 49], [29, 0], [29, 49], [30, 0], [30, 49], [31, 0], [31, 48], [32, 48], [33, 1], [33, 48], [34, 1], [34, 47], [35, 47], [36, 2], [37, 46], [38, 3], [38, 45], [38, 46], [39, 4], [39, 45], [40, 5], [40, 44], [41, 5], [41, 43], [41, 44], [42, 6], [42, 42], [43, 7], [43, 8], [43, 41], [44, 9], [44, 40], [45, 10], [45, 39], [46, 11], [46, 37], [46, 38], [47, 13], [47, 36], [48, 15], [48, 33], [48, 34], [49, 18], [49, 19], [49, 30], [49, 31]]
neventsinfailedbin=[18, 51, 65, 96, 50, 28, 11, 23, 81, 97, 34, 7, 38, 40, 13, 14, 28, 5, 83, 6, 22, 79, 6, 4, 83, 86, 12, 2, 85, 91, 8, 22, 86, 21, 47, 6, 11, 53, 1, 82, 17, 23, 94, 6, 23, 15, 49, 1, 61, 4, 41, 9, 71, 55, 10, 75, 16, 16, 38, 53, 32, 16, 33, 24, 93, 23, 79, 16, 41, 1, 12, 80, 50, 80, 19, 11, 97, 19, 29, 38, 13, 100, 6, 71, 5, 99, 54, 1, 70, 3, 6, 40, 4, 69, 24, 21, 7, 15, 3, 16, 98, 8, 33, 21, 24, 94, 25, 32, 68, 58, 13]
lt_mean_diff=0.08185118243979397
lt_mean_low=6059.1455782360235
lt_mean_high=6576.626080294662
lt_stdev=842.9901492042414
lt_stdev_low=628.4824447138542
lt_stdev_high=940.3399799377473
