chi2=0.9242482246293763
e0=10452.55540364924
lt=8191.978875631137
e0u=0.23422879483201287
ltu=5.47547570747497
failedfit=[[0, 18], [0, 19], [0, 29], [0, 30], [0, 31], [1, 15], [1, 33], [1, 34], [2, 13], [2, 35], [2, 36], [3, 11], [3, 37], [3, 38], [4, 10], [4, 39], [5, 9], [5, 40], [6, 7], [6, 41], [7, 6], [7, 42], [8, 5], [8, 43], [9, 44], [10, 4], [10, 45], [11, 3], [11, 46], [12, 46], [13, 2], [13, 47], [14, 47], [15, 1], [15, 47], [15, 48], [16, 48], [17, 48], [18, 0], [19, 0], [19, 49], [20, 49], [21, 49], [22, 49], [23, 49], [24, 49], [25, 49], [26, 49], [27, 49], [28, 49], [29, 49], [30, 0], [30, 49], [31, 0], [32, 48], [33, 1], [33, 48], [34, 1], [34, 48], [35, 47], [36, 2], [36, 47], [37, 46], [38, 3], [38, 46], [39, 45], [40, 44], [41, 5], [41, 43], [41, 44], [42, 6], [42, 42], [43, 41], [44, 9], [44, 40], [45, 10], [45, 39], [46, 11], [46, 38], [47, 13], [47, 36], [48, 15], [48, 34], [49, 18], [49, 31]]
neventsinfailedbin=[30, 72, 93, 59, 12, 36, 51, 10, 36, 71, 12, 20, 50, 1, 16, 14, 32, 11, 3, 26, 4, 12, 4, 45, 53, 73, 3, 19, 4, 31, 31, 5, 43, 18, 73, 7, 15, 72, 25, 69, 7, 30, 30, 47, 71, 55, 15, 55, 58, 41, 32, 74, 6, 14, 86, 96, 33, 21, 1, 33, 50, 1, 59, 34, 4, 2, 86, 9, 85, 1, 14, 46, 31, 28, 16, 22, 13, 18, 15, 54, 33, 36, 28, 47, 29]
lt_mean_diff=0.06275547016490102
lt_mean_low=7968.869995359819
lt_mean_high=8485.427173097083
lt_stdev=1255.916313546754
lt_stdev_low=1027.7837945714134
lt_stdev_high=1396.6609098574845
