chi2=1.0057770605034195
e0=10394.403705383513
lt=9005.77880854399
e0u=0.2825291849470869
ltu=7.122018329236221
failedfit=[[0, 18], [0, 19], [0, 20], [0, 24], [0, 25], [0, 29], [0, 30], [0, 31], [1, 15], [1, 16], [1, 32], [1, 33], [1, 34], [2, 13], [2, 14], [2, 35], [2, 36], [3, 11], [3, 12], [3, 37], [3, 38], [4, 10], [4, 38], [4, 39], [5, 9], [5, 39], [5, 40], [6, 7], [6, 8], [6, 40], [6, 41], [7, 7], [7, 41], [7, 42], [8, 5], [8, 6], [8, 42], [8, 43], [9, 5], [9, 44], [10, 4], [10, 44], [10, 45], [11, 3], [11, 45], [11, 46], [12, 3], [12, 46], [13, 2], [13, 46], [13, 47], [14, 2], [14, 47], [15, 1], [15, 47], [15, 48], [16, 1], [16, 48], [17, 1], [17, 48], [18, 0], [18, 48], [19, 0], [19, 49], [20, 0], [20, 49], [21, 49], [22, 0], [22, 49], [23, 49], [24, 0], [24, 49], [25, 0], [25, 49], [26, 49], [27, 49], [28, 0], [28, 49], [29, 0], [29, 49], [30, 0], [30, 49], [31, 0], [31, 48], [32, 48], [33, 1], [33, 48], [34, 1], [34, 47], [35, 2], [35, 47], [36, 2], [36, 47], [37, 46], [38, 3], [38, 45], [38, 46], [39, 4], [39, 45], [40, 5], [40, 44], [41, 5], [41, 6], [41, 43], [42, 6], [42, 7], [42, 42], [43, 8], [43, 41], [44, 9], [44, 39], [44, 40], [45, 10], [45, 39], [46, 11], [46, 37], [46, 38], [47, 13], [47, 36], [48, 15], [48, 16], [48, 32], [48, 33], [48, 34], [49, 18], [49, 19], [49, 28], [49, 29], [49, 30], [49, 31]]
neventsinfailedbin=[23, 61, 65, 73, 82, 46, 52, 16, 16, 64, 93, 39, 12, 17, 85, 47, 11, 10, 100, 33, 1, 7, 63, 3, 15, 78, 7, 4, 59, 83, 16, 50, 81, 7, 3, 73, 96, 23, 71, 26, 39, 95, 8, 7, 60, 2, 80, 20, 23, 99, 2, 85, 30, 9, 62, 7, 49, 17, 95, 31, 9, 50, 23, 8, 55, 13, 17, 84, 32, 42, 100, 25, 99, 12, 16, 30, 99, 17, 65, 17, 37, 2, 4, 85, 64, 55, 16, 17, 91, 81, 18, 28, 2, 44, 13, 94, 1, 60, 5, 91, 56, 2, 89, 67, 2, 71, 32, 59, 16, 19, 99, 15, 10, 13, 17, 81, 7, 21, 28, 25, 76, 99, 80, 17, 20, 64, 99, 89, 61, 21]
lt_mean_diff=0.02969290572960076
lt_mean_low=8936.749194593762
lt_mean_high=9206.15980559915
lt_stdev=1554.8948715555389
lt_stdev_low=1411.3260875663382
lt_stdev_high=1672.3195010223574
