chi2=0.958501223517878
e0=10411.864287284612
lt=5426.0130096050225
e0u=0.19330559026189367
ltu=2.9703047937741966
failedfit=[[0, 18], [0, 31], [1, 15], [1, 33], [1, 34], [2, 13], [2, 36], [3, 11], [3, 37], [3, 38], [4, 10], [4, 39], [5, 8], [5, 9], [5, 40], [6, 7], [6, 41], [7, 6], [7, 42], [8, 5], [8, 43], [9, 44], [10, 45], [11, 3], [11, 46], [12, 46], [13, 2], [13, 47], [14, 47], [15, 1], [15, 48], [16, 48], [17, 48], [18, 0], [19, 0], [19, 49], [20, 49], [21, 49], [22, 49], [23, 49], [24, 49], [25, 49], [26, 49], [27, 49], [28, 49], [29, 49], [30, 0], [30, 49], [31, 0], [33, 48], [34, 1], [34, 48], [35, 47], [36, 2], [36, 47], [38, 3], [38, 46], [39, 45], [41, 5], [42, 6], [42, 42], [43, 7], [43, 41], [44, 8], [44, 9], [44, 40], [44, 41], [45, 10], [45, 39], [46, 11], [46, 38], [47, 13], [47, 36], [48, 15], [48, 34], [49, 18], [49, 31]]
neventsinfailedbin=[50, 29, 62, 86, 11, 87, 24, 35, 68, 3, 16, 7, 1, 60, 11, 4, 25, 7, 18, 5, 49, 66, 7, 17, 8, 62, 46, 6, 58, 23, 2, 26, 93, 38, 96, 5, 33, 50, 79, 97, 79, 15, 59, 72, 46, 32, 91, 2, 33, 40, 37, 1, 47, 71, 3, 34, 8, 5, 12, 13, 100, 9, 56, 1, 45, 25, 1, 34, 18, 44, 22, 95, 61, 71, 50, 79, 40]
lt_mean_diff=0.11220005677581377
lt_mean_low=5135.280948297817
lt_mean_high=5746.187669696399
lt_stdev=755.6640073405669
lt_stdev_low=484.087158717368
lt_stdev_high=845.4306273000986
