chi2=0.9182979433487415
e0=10383.252791781944
lt=5690.949962583275
e0u=0.19066225951839375
ltu=3.0579949415259233
failedfit=[[0, 18], [0, 30], [0, 31], [1, 15], [1, 33], [1, 34], [2, 13], [2, 36], [3, 11], [3, 37], [3, 38], [4, 10], [4, 39], [5, 8], [5, 9], [5, 40], [6, 7], [6, 41], [7, 6], [7, 42], [8, 5], [8, 43], [9, 44], [10, 45], [11, 3], [11, 46], [12, 46], [13, 2], [13, 47], [14, 47], [15, 1], [15, 48], [16, 48], [17, 48], [18, 0], [19, 49], [20, 49], [21, 49], [22, 49], [23, 49], [24, 49], [25, 49], [26, 49], [27, 49], [28, 49], [29, 49], [30, 49], [31, 0], [33, 48], [34, 1], [34, 48], [35, 47], [36, 2], [36, 47], [37, 46], [38, 3], [38, 46], [39, 45], [41, 5], [42, 6], [42, 43], [43, 7], [43, 41], [43, 42], [44, 9], [44, 40], [45, 10], [45, 39], [46, 11], [46, 38], [47, 13], [47, 36], [48, 15], [48, 34], [49, 18], [49, 31]]
neventsinfailedbin=[52, 89, 11, 58, 68, 13, 81, 23, 45, 81, 2, 10, 6, 1, 53, 9, 7, 23, 6, 17, 9, 60, 53, 10, 28, 11, 66, 48, 6, 77, 32, 4, 30, 83, 24, 16, 40, 44, 76, 89, 87, 18, 52, 68, 58, 48, 3, 37, 61, 32, 1, 52, 61, 5, 98, 47, 10, 7, 9, 14, 1, 16, 59, 1, 32, 35, 24, 18, 48, 24, 80, 58, 68, 54, 81, 48]
lt_mean_diff=0.10542625896286044
lt_mean_low=5405.736111109401
lt_mean_high=6007.852923267511
lt_stdev=820.6449344789515
lt_stdev_low=543.8905033524769
lt_stdev_high=928.157338368396
