chi2=0.9350555192653214
e0=10406.609676271331
lt=5419.208231994364
e0u=0.18845321558583472
ltu=2.900025843201441
failedfit=[[0, 18], [0, 30], [0, 31], [1, 15], [1, 33], [1, 34], [2, 13], [2, 36], [3, 11], [3, 37], [3, 38], [4, 10], [4, 39], [5, 8], [5, 9], [5, 40], [6, 7], [6, 41], [7, 6], [7, 42], [8, 5], [8, 43], [9, 44], [10, 4], [10, 45], [11, 3], [11, 46], [12, 46], [13, 2], [13, 47], [14, 47], [15, 1], [15, 48], [16, 48], [17, 48], [18, 0], [19, 49], [20, 49], [21, 49], [22, 49], [23, 49], [24, 49], [25, 49], [26, 49], [27, 49], [28, 49], [29, 49], [30, 49], [31, 0], [31, 49], [33, 48], [34, 1], [35, 47], [36, 2], [36, 47], [37, 46], [38, 3], [38, 46], [39, 45], [41, 5], [41, 44], [42, 6], [43, 7], [43, 41], [44, 8], [44, 9], [44, 40], [45, 10], [45, 39], [46, 11], [46, 38], [47, 13], [47, 36], [48, 15], [48, 34], [49, 18], [49, 31]]
neventsinfailedbin=[61, 100, 30, 78, 99, 14, 91, 38, 31, 71, 2, 14, 6, 3, 45, 10, 7, 25, 10, 18, 13, 50, 59, 100, 7, 23, 8, 74, 39, 8, 79, 41, 6, 19, 91, 30, 15, 33, 47, 78, 99, 98, 21, 68, 73, 45, 35, 4, 23, 1, 43, 35, 58, 82, 3, 92, 48, 5, 10, 10, 4, 9, 4, 74, 1, 40, 13, 36, 13, 38, 25, 85, 88, 85, 41, 94, 50]
lt_mean_diff=0.10689342081888084
lt_mean_low=5142.33176359526
lt_mean_high=5723.52096234041
lt_stdev=757.3939803060283
lt_stdev_low=494.5872971818534
lt_stdev_high=852.5889357842361
