chi2=0.919112690487241
e0=9956.37293309701
lt=8286.656672015766
e0u=0.29558555953698523
ltu=6.8762694229492025
failedfit=[[0, 18], [0, 19], [0, 20], [0, 29], [0, 30], [0, 31], [1, 15], [1, 33], [1, 34], [2, 13], [2, 35], [2, 36], [3, 11], [3, 37], [3, 38], [4, 10], [4, 39], [5, 9], [5, 40], [6, 7], [6, 41], [7, 6], [7, 42], [8, 5], [8, 43], [9, 44], [10, 4], [10, 45], [11, 3], [11, 45], [11, 46], [12, 46], [13, 2], [13, 47], [14, 47], [15, 1], [15, 47], [15, 48], [16, 1], [16, 48], [17, 48], [18, 0], [18, 48], [19, 0], [19, 49], [20, 0], [20, 49], [21, 49], [22, 49], [23, 49], [24, 49], [25, 49], [26, 49], [27, 49], [28, 49], [29, 0], [29, 49], [30, 0], [30, 49], [31, 0], [31, 48], [32, 48], [33, 1], [33, 48], [34, 1], [35, 47], [36, 2], [37, 46], [38, 3], [38, 46], [39, 4], [39, 45], [40, 44], [41, 5], [41, 43], [42, 6], [42, 42], [43, 7], [43, 8], [43, 41], [43, 42], [44, 9], [44, 40], [45, 10], [45, 39], [46, 11], [46, 37], [46, 38], [47, 13], [47, 36], [48, 15], [48, 33], [48, 34], [49, 18], [49, 19], [49, 30], [49, 31]]
neventsinfailedbin=[30, 65, 88, 69, 46, 15, 27, 52, 11, 36, 45, 24, 15, 45, 1, 8, 2, 16, 7, 6, 14, 1, 14, 2, 29, 31, 61, 6, 18, 78, 4, 34, 25, 4, 34, 21, 79, 1, 81, 18, 47, 14, 89, 42, 5, 81, 26, 30, 40, 50, 42, 19, 30, 34, 36, 95, 17, 58, 3, 14, 75, 68, 87, 22, 27, 25, 46, 50, 31, 3, 96, 4, 59, 6, 79, 12, 54, 1, 94, 30, 1, 19, 10, 17, 12, 24, 94, 15, 61, 41, 31, 74, 11, 33, 94, 78, 26]
lt_mean_diff=0.04180822236199119
lt_mean_low=8162.969740528244
lt_mean_high=8511.651168491717
lt_stdev=1446.743868488235
lt_stdev_low=1215.3713745943055
lt_stdev_high=1621.8225222407268
