chi2=0.9527289619020416
e0=9703.960247626788
lt=6603.417330077216
e0u=0.3018223825296474
ltu=5.519070301587528
failedfit=[[0, 18], [0, 19], [0, 20], [0, 28], [0, 29], [0, 30], [0, 31], [1, 15], [1, 33], [1, 34], [2, 13], [2, 35], [2, 36], [3, 11], [3, 12], [3, 37], [3, 38], [4, 10], [4, 38], [5, 8], [5, 9], [5, 39], [5, 40], [6, 7], [6, 8], [6, 41], [7, 6], [7, 42], [8, 5], [8, 43], [9, 5], [9, 44], [10, 4], [10, 45], [11, 3], [11, 45], [11, 46], [12, 46], [13, 2], [13, 47], [14, 47], [15, 1], [15, 47], [15, 48], [16, 1], [16, 48], [17, 48], [18, 0], [18, 48], [18, 49], [19, 0], [19, 49], [20, 0], [20, 49], [21, 49], [22, 49], [23, 49], [24, 49], [25, 49], [26, 49], [27, 49], [28, 49], [29, 0], [29, 49], [30, 0], [30, 49], [31, 0], [31, 48], [31, 49], [32, 48], [33, 1], [33, 48], [34, 1], [35, 47], [36, 2], [36, 47], [37, 46], [38, 3], [38, 46], [39, 4], [39, 45], [40, 44], [41, 5], [41, 43], [42, 6], [42, 42], [43, 7], [43, 8], [43, 41], [44, 9], [44, 40], [44, 41], [45, 10], [45, 39], [46, 11], [46, 37], [46, 38], [47, 13], [47, 36], [48, 15], [48, 16], [48, 33], [48, 34], [49, 18], [49, 19], [49, 30], [49, 31]]
neventsinfailedbin=[22, 60, 90, 91, 43, 33, 8, 28, 36, 9, 49, 65, 14, 7, 92, 43, 3, 10, 92, 1, 30, 78, 11, 2, 98, 13, 2, 12, 6, 27, 96, 22, 38, 10, 6, 59, 3, 33, 13, 3, 31, 10, 79, 4, 84, 17, 50, 13, 84, 1, 51, 8, 92, 33, 21, 54, 73, 55, 20, 60, 59, 39, 96, 37, 47, 8, 22, 100, 1, 80, 62, 37, 22, 35, 22, 2, 45, 16, 3, 86, 6, 59, 3, 79, 4, 63, 5, 78, 28, 30, 6, 1, 14, 10, 28, 98, 9, 40, 30, 29, 96, 67, 16, 33, 64, 64, 17]
lt_mean_diff=0.056885916829681235
lt_mean_low=6433.233461379368
lt_mean_high=6810.073944000468
lt_stdev=912.268815511463
lt_stdev_low=742.1055068384997
lt_stdev_high=1017.5706178265082
