chi2=0.9724085560628265
e0=10525.143449733256
lt=6434.809583507037
e0u=0.34082444115393173
ltu=6.100690319351578
failedfit=[[0, 18], [0, 19], [0, 20], [0, 21], [0, 24], [0, 25], [0, 26], [0, 27], [0, 28], [0, 29], [0, 30], [0, 31], [1, 15], [1, 16], [1, 32], [1, 33], [1, 34], [2, 13], [2, 14], [2, 34], [2, 35], [2, 36], [3, 11], [3, 12], [3, 36], [3, 37], [3, 38], [4, 10], [4, 38], [4, 39], [5, 9], [5, 10], [5, 39], [5, 40], [6, 8], [6, 40], [6, 41], [7, 6], [7, 7], [7, 41], [7, 42], [8, 5], [8, 6], [8, 42], [8, 43], [9, 5], [9, 43], [9, 44], [10, 4], [10, 44], [10, 45], [11, 3], [11, 45], [11, 46], [12, 3], [12, 46], [13, 2], [13, 46], [13, 47], [14, 2], [14, 47], [15, 1], [15, 47], [15, 48], [16, 1], [16, 47], [16, 48], [17, 48], [18, 0], [18, 48], [19, 0], [19, 48], [19, 49], [20, 0], [20, 49], [21, 0], [21, 49], [22, 0], [22, 49], [23, 49], [24, 49], [25, 49], [26, 49], [27, 0], [27, 49], [28, 0], [28, 49], [29, 0], [29, 49], [30, 0], [30, 48], [30, 49], [31, 0], [31, 48], [32, 1], [32, 48], [33, 1], [33, 48], [34, 1], [34, 47], [35, 2], [35, 47], [36, 2], [36, 46], [37, 3], [37, 46], [38, 3], [38, 45], [38, 46], [39, 4], [39, 44], [39, 45], [40, 5], [40, 44], [41, 5], [41, 6], [41, 43], [41, 44], [42, 6], [42, 7], [42, 42], [43, 7], [43, 8], [43, 40], [43, 41], [44, 8], [44, 9], [44, 39], [44, 40], [45, 10], [45, 39], [46, 11], [46, 12], [46, 37], [46, 38], [47, 13], [47, 35], [47, 36], [48, 15], [48, 16], [48, 32], [48, 33], [48, 34], [49, 18], [49, 19], [49, 20], [49, 28], [49, 29], [49, 30], [49, 31]]
neventsinfailedbin=[17, 28, 45, 82, 89, 94, 97, 77, 85, 27, 30, 3, 20, 70, 79, 22, 5, 25, 74, 81, 31, 7, 10, 74, 100, 26, 1, 1, 50, 2, 16, 99, 44, 3, 53, 79, 8, 2, 65, 87, 9, 2, 87, 79, 13, 65, 98, 16, 32, 89, 3, 10, 44, 2, 51, 23, 15, 72, 1, 80, 32, 10, 46, 1, 51, 97, 8, 33, 7, 45, 20, 99, 4, 53, 17, 85, 12, 88, 24, 28, 31, 8, 22, 93, 27, 74, 26, 62, 13, 28, 93, 1, 8, 68, 90, 49, 40, 13, 9, 60, 94, 11, 21, 91, 91, 28, 11, 77, 5, 48, 100, 2, 77, 38, 7, 98, 41, 1, 4, 90, 14, 2, 47, 90, 15, 1, 9, 70, 5, 8, 5, 10, 100, 75, 5, 23, 74, 22, 22, 71, 100, 64, 12, 18, 59, 71, 94, 79, 42, 12]
lt_mean_diff=0.09104441169177968
lt_mean_low=6151.268342225405
lt_mean_high=6738.509451104834
lt_stdev=854.3410127871496
lt_stdev_low=636.5969949675762
lt_stdev_high=934.8415795239314
