chi2=0.9312850865708032
e0=10390.911206363764
lt=5775.060541147029
e0u=0.1916883190404938
ltu=3.1199144541072736
failedfit=[[0, 18], [0, 31], [1, 15], [1, 33], [1, 34], [2, 13], [2, 36], [3, 11], [3, 37], [3, 38], [4, 10], [4, 39], [5, 8], [5, 9], [5, 40], [6, 7], [6, 41], [7, 6], [7, 42], [8, 5], [8, 43], [9, 44], [10, 45], [11, 3], [11, 46], [12, 46], [13, 2], [13, 47], [14, 47], [15, 1], [15, 48], [16, 48], [17, 48], [18, 0], [18, 49], [19, 49], [20, 49], [21, 49], [22, 49], [23, 49], [24, 49], [25, 49], [26, 49], [27, 49], [28, 49], [29, 49], [30, 0], [30, 49], [31, 0], [33, 48], [34, 1], [35, 47], [36, 2], [36, 47], [37, 46], [38, 3], [38, 46], [39, 45], [41, 5], [41, 44], [42, 6], [43, 7], [43, 41], [44, 8], [44, 9], [44, 40], [45, 10], [45, 39], [46, 11], [46, 38], [47, 13], [47, 36], [48, 15], [48, 34], [49, 18], [49, 31]]
neventsinfailedbin=[53, 29, 59, 85, 14, 93, 29, 32, 70, 2, 14, 8, 2, 50, 7, 8, 29, 10, 23, 7, 46, 61, 13, 31, 6, 57, 55, 9, 76, 30, 2, 33, 62, 24, 2, 12, 41, 29, 78, 90, 85, 24, 73, 65, 69, 54, 92, 2, 27, 53, 27, 45, 81, 4, 98, 44, 7, 6, 15, 1, 7, 8, 58, 3, 40, 17, 28, 23, 43, 28, 99, 67, 70, 51, 82, 47]
lt_mean_diff=0.0951066646359939
lt_mean_low=5516.7396065879875
lt_mean_high=6067.994344771832
lt_stdev=817.0836037499807
lt_stdev_low=580.1715153081983
lt_stdev_high=916.4010465597038
