chi2=0.9849640007560835
e0=10467.563280169847
lt=6394.52553788914
e0u=0.28690167646461234
ltu=5.150833258941589
failedfit=[[0, 18], [0, 19], [0, 29], [0, 30], [0, 31], [1, 15], [1, 16], [1, 32], [1, 33], [1, 34], [2, 13], [2, 35], [2, 36], [3, 11], [3, 37], [4, 10], [4, 38], [4, 39], [5, 9], [5, 39], [5, 40], [6, 7], [6, 8], [6, 41], [7, 6], [7, 42], [8, 5], [8, 43], [9, 5], [9, 44], [10, 4], [10, 45], [11, 3], [11, 45], [11, 46], [12, 46], [13, 2], [13, 47], [14, 47], [15, 1], [15, 47], [15, 48], [16, 1], [16, 48], [17, 48], [18, 0], [18, 48], [19, 0], [19, 49], [20, 0], [20, 49], [21, 49], [22, 49], [23, 49], [24, 49], [25, 49], [26, 49], [27, 49], [28, 49], [29, 0], [29, 49], [30, 0], [30, 49], [31, 0], [32, 48], [33, 1], [33, 48], [34, 1], [34, 47], [34, 48], [35, 47], [36, 2], [36, 47], [37, 46], [38, 3], [38, 46], [39, 4], [39, 45], [40, 44], [41, 5], [41, 43], [41, 44], [42, 6], [42, 42], [43, 7], [43, 8], [43, 41], [44, 9], [44, 40], [45, 10], [45, 39], [46, 11], [46, 38], [47, 13], [47, 36], [48, 15], [48, 33], [48, 34], [49, 18], [49, 19], [49, 30], [49, 31]]
neventsinfailedbin=[26, 67, 48, 46, 11, 23, 90, 79, 41, 9, 44, 46, 10, 13, 30, 6, 98, 5, 24, 87, 1, 3, 91, 16, 1, 13, 3, 19, 96, 19, 70, 4, 14, 57, 4, 32, 22, 9, 28, 10, 63, 2, 78, 9, 45, 9, 84, 49, 6, 78, 13, 18, 41, 43, 44, 15, 45, 41, 26, 84, 16, 41, 3, 19, 50, 69, 24, 13, 100, 1, 24, 33, 1, 54, 16, 2, 99, 3, 49, 3, 74, 1, 6, 50, 1, 69, 36, 23, 11, 13, 12, 29, 5, 31, 38, 31, 83, 13, 28, 74, 80, 25]
lt_mean_diff=0.09229716467455264
lt_mean_low=6112.252784831141
lt_mean_high=6704.136439127203
lt_stdev=859.5007486217883
lt_stdev_low=615.8825621721512
lt_stdev_high=956.4055334804789
