chi2=0.9726509469047682
e0=10357.264996118787
lt=5418.356127437855
e0u=0.14981829831880242
ltu=2.3615364438489688
failedfit=[[0, 18], [0, 31], [1, 34], [2, 36], [3, 11], [3, 38], [4, 10], [4, 39], [5, 8], [5, 9], [5, 40], [6, 7], [6, 41], [7, 6], [7, 42], [8, 5], [8, 43], [9, 44], [10, 45], [11, 3], [11, 46], [13, 2], [13, 47], [14, 47], [15, 1], [15, 48], [16, 48], [18, 0], [19, 49], [20, 49], [21, 49], [25, 49], [29, 49], [30, 49], [31, 0], [31, 49], [33, 48], [34, 1], [34, 48], [35, 47], [36, 47], [38, 3], [38, 46], [39, 45], [41, 5], [41, 44], [42, 6], [42, 43], [43, 7], [44, 9], [44, 40], [45, 10], [45, 39], [46, 11], [46, 38], [48, 34], [49, 31]]
neventsinfailedbin=[97, 39, 27, 40, 52, 4, 37, 12, 1, 75, 22, 17, 42, 12, 26, 17, 80, 100, 23, 46, 14, 99, 13, 84, 46, 4, 47, 47, 25, 56, 67, 47, 57, 2, 55, 1, 72, 53, 1, 73, 8, 62, 11, 9, 13, 3, 21, 1, 12, 60, 31, 55, 47, 73, 46, 73, 79]
lt_mean_diff=0.076982110910825
lt_mean_low=5224.175602372337
lt_mean_high=5642.621344391138
lt_stdev=757.4941145297935
lt_stdev_low=558.2480541658048
lt_stdev_high=862.4499604291001
