chi2=0.9444750874376331
e0=9820.326808607904
lt=6222.39175284691
e0u=0.40091649920031375
ltu=7.016728670696457
failedfit=[[0, 18], [0, 19], [0, 20], [0, 28], [0, 29], [0, 30], [0, 31], [1, 15], [1, 32], [1, 33], [1, 34], [2, 13], [2, 35], [2, 36], [3, 11], [3, 12], [3, 37], [3, 38], [4, 10], [4, 38], [4, 39], [5, 9], [5, 10], [5, 39], [5, 40], [6, 7], [6, 8], [6, 40], [6, 41], [7, 6], [7, 42], [8, 5], [8, 43], [9, 5], [9, 44], [10, 4], [10, 44], [10, 45], [11, 3], [11, 45], [11, 46], [12, 3], [12, 46], [13, 2], [13, 46], [13, 47], [14, 2], [14, 47], [15, 1], [15, 47], [15, 48], [16, 1], [16, 48], [17, 48], [18, 0], [18, 48], [19, 0], [19, 49], [20, 0], [20, 49], [21, 0], [21, 49], [22, 49], [23, 49], [24, 49], [25, 49], [26, 49], [27, 0], [27, 49], [28, 0], [28, 49], [29, 0], [29, 49], [30, 0], [30, 49], [31, 0], [31, 48], [32, 48], [33, 1], [33, 48], [34, 1], [34, 47], [35, 47], [36, 2], [36, 46], [37, 3], [37, 46], [38, 3], [38, 45], [38, 46], [39, 4], [39, 44], [39, 45], [40, 5], [40, 44], [41, 5], [41, 43], [42, 6], [42, 42], [43, 7], [43, 8], [43, 40], [43, 41], [44, 9], [44, 39], [44, 40], [45, 10], [45, 38], [45, 39], [46, 11], [46, 37], [46, 38], [47, 13], [47, 35], [47, 36], [48, 15], [48, 16], [48, 33], [48, 34], [49, 18], [49, 19], [49, 20], [49, 29], [49, 30], [49, 31]]
neventsinfailedbin=[14, 56, 62, 86, 40, 37, 9, 16, 86, 32, 9, 30, 39, 12, 5, 94, 39, 2, 7, 74, 3, 15, 95, 59, 7, 1, 91, 89, 8, 2, 15, 2, 17, 82, 24, 36, 83, 5, 9, 49, 2, 78, 26, 14, 85, 2, 64, 18, 10, 61, 1, 61, 8, 28, 8, 39, 31, 4, 60, 15, 88, 11, 24, 43, 26, 13, 21, 98, 24, 92, 16, 73, 15, 23, 1, 9, 54, 47, 64, 9, 9, 71, 15, 25, 72, 97, 28, 7, 52, 1, 65, 88, 2, 95, 34, 3, 39, 7, 27, 2, 41, 87, 11, 11, 67, 4, 12, 86, 7, 14, 68, 4, 36, 73, 17, 16, 80, 34, 11, 21, 46, 90, 85, 50, 19]
lt_mean_diff=0.00042326085757944296
lt_mean_low=6261.473011747147
lt_mean_high=6264.1238189136775
lt_stdev=876.7242424327566
lt_stdev_low=805.1188679035009
lt_stdev_high=940.7237483743064
