chi2=0.9538956520305186
e0=10464.881607822974
lt=6251.406236368518
e0u=0.29875336681028214
ltu=5.253885543928576
failedfit=[[0, 18], [0, 19], [0, 20], [0, 29], [0, 30], [0, 31], [1, 15], [1, 32], [1, 33], [1, 34], [2, 13], [2, 35], [2, 36], [3, 11], [3, 37], [3, 38], [4, 10], [4, 38], [4, 39], [5, 8], [5, 9], [5, 39], [5, 40], [6, 7], [6, 8], [6, 41], [7, 6], [7, 7], [7, 42], [8, 5], [8, 6], [8, 43], [9, 5], [9, 44], [10, 4], [10, 45], [11, 3], [11, 45], [11, 46], [12, 3], [12, 46], [13, 2], [13, 47], [14, 2], [14, 47], [15, 1], [15, 47], [15, 48], [16, 1], [16, 48], [17, 48], [18, 0], [18, 48], [19, 0], [19, 49], [20, 0], [20, 49], [21, 0], [21, 49], [22, 49], [23, 49], [24, 49], [25, 49], [26, 49], [27, 49], [28, 49], [29, 49], [30, 0], [30, 49], [31, 0], [31, 48], [32, 48], [33, 1], [33, 48], [34, 1], [35, 47], [36, 2], [36, 47], [37, 46], [38, 3], [38, 45], [38, 46], [39, 4], [39, 45], [40, 44], [41, 5], [41, 43], [42, 6], [42, 42], [43, 7], [43, 8], [43, 41], [44, 9], [44, 40], [45, 10], [45, 39], [46, 11], [46, 38], [47, 13], [47, 36], [48, 15], [48, 33], [48, 34], [49, 18], [49, 19], [49, 30], [49, 31]]
neventsinfailedbin=[23, 59, 71, 55, 39, 10, 22, 89, 37, 6, 36, 41, 7, 8, 31, 2, 6, 82, 5, 2, 25, 73, 4, 4, 90, 11, 4, 92, 8, 3, 98, 24, 89, 18, 51, 4, 15, 52, 2, 100, 29, 20, 6, 78, 22, 17, 66, 1, 60, 9, 34, 6, 76, 39, 5, 80, 12, 90, 17, 34, 35, 46, 12, 36, 31, 21, 15, 30, 2, 9, 79, 53, 87, 24, 11, 20, 28, 2, 42, 18, 80, 3, 73, 2, 48, 3, 69, 5, 44, 1, 71, 30, 13, 13, 13, 6, 23, 12, 41, 29, 24, 73, 12, 25, 77, 66, 23]
lt_mean_diff=0.08242564360429945
lt_mean_low=6008.204180914436
lt_mean_high=6525.0336537368
lt_stdev=824.845446250158
lt_stdev_low=617.8013552500461
lt_stdev_high=916.0253071376139
