chi2=0.9280541331191213
e0=10376.513422125176
lt=5479.248288094009
e0u=0.18764712204556866
ltu=2.954464273495521
failedfit=[[0, 18], [0, 30], [0, 31], [1, 15], [1, 33], [1, 34], [2, 13], [2, 35], [2, 36], [3, 11], [3, 37], [3, 38], [4, 10], [4, 39], [5, 8], [5, 9], [5, 40], [6, 7], [6, 41], [7, 6], [7, 42], [8, 5], [8, 43], [9, 44], [10, 45], [11, 3], [11, 46], [12, 46], [13, 2], [13, 47], [14, 47], [15, 1], [15, 48], [16, 48], [17, 48], [18, 0], [19, 49], [20, 49], [21, 49], [22, 49], [23, 49], [24, 49], [25, 49], [26, 49], [27, 49], [28, 49], [29, 49], [30, 49], [31, 0], [33, 48], [34, 1], [34, 48], [35, 47], [36, 2], [36, 47], [37, 46], [38, 3], [38, 46], [39, 45], [41, 5], [42, 6], [43, 7], [43, 41], [44, 9], [44, 40], [45, 10], [45, 39], [46, 11], [46, 38], [47, 13], [47, 36], [48, 15], [48, 34], [49, 18], [49, 31]]
neventsinfailedbin=[61, 98, 16, 53, 78, 19, 77, 98, 30, 26, 90, 3, 19, 8, 1, 39, 10, 12, 33, 4, 18, 5, 51, 57, 12, 36, 5, 68, 46, 7, 62, 27, 1, 25, 81, 34, 17, 34, 33, 71, 96, 88, 30, 65, 67, 46, 28, 3, 29, 43, 34, 1, 47, 78, 3, 84, 36, 8, 5, 4, 10, 5, 47, 47, 12, 34, 24, 25, 26, 83, 57, 60, 50, 54, 44]
lt_mean_diff=0.07308989650925751
lt_mean_low=5294.564578872713
lt_mean_high=5696.456363536019
lt_stdev=754.0038222453503
lt_stdev_low=558.1444659377796
lt_stdev_high=859.2017241378776
