chi2=0.9167148694032747
e0=10427.104251598445
lt=8097.59376891128
e0u=0.236258599621836
ltu=5.476973734365055
failedfit=[[0, 18], [0, 19], [0, 29], [0, 30], [0, 31], [1, 15], [1, 33], [1, 34], [2, 13], [2, 35], [2, 36], [3, 11], [3, 37], [3, 38], [4, 10], [4, 39], [5, 9], [5, 40], [6, 7], [6, 41], [7, 6], [7, 42], [8, 5], [8, 43], [9, 44], [10, 4], [10, 45], [11, 3], [11, 45], [11, 46], [12, 46], [13, 2], [13, 47], [14, 47], [15, 1], [15, 47], [15, 48], [16, 1], [16, 48], [17, 48], [18, 0], [19, 0], [19, 49], [20, 49], [21, 49], [22, 49], [23, 49], [24, 49], [25, 49], [26, 49], [27, 49], [28, 49], [29, 49], [30, 0], [30, 49], [31, 0], [33, 48], [34, 1], [35, 47], [36, 2], [36, 47], [37, 46], [38, 3], [38, 46], [39, 45], [40, 44], [41, 5], [41, 43], [41, 44], [42, 6], [42, 42], [42, 43], [43, 7], [43, 41], [44, 9], [44, 40], [44, 41], [45, 10], [45, 39], [46, 11], [46, 38], [47, 13], [47, 36], [48, 15], [48, 34], [49, 18], [49, 30], [49, 31]]
neventsinfailedbin=[16, 67, 94, 76, 22, 27, 50, 12, 47, 80, 13, 20, 47, 2, 12, 3, 37, 7, 5, 18, 7, 13, 1, 40, 34, 63, 6, 24, 85, 14, 42, 45, 11, 36, 25, 86, 3, 93, 21, 51, 14, 49, 14, 22, 28, 60, 78, 58, 17, 28, 50, 35, 25, 57, 2, 24, 33, 22, 39, 45, 1, 69, 22, 2, 5, 97, 4, 91, 1, 6, 60, 1, 4, 24, 29, 15, 1, 13, 16, 26, 20, 52, 45, 42, 31, 45, 82, 26]
lt_mean_diff=0.06673888759257689
lt_mean_low=7859.045760645869
lt_mean_high=8401.965179293937
lt_stdev=1236.387400844296
lt_stdev_low=990.7639581673321
lt_stdev_high=1383.1147080528701
