chi2=0.9231451984628225
e0=10119.861721564595
lt=4712.792206675542
e0u=0.25988257709200313
ltu=3.491108525902335
failedfit=[[0, 18], [0, 19], [0, 29], [0, 30], [0, 31], [1, 15], [1, 33], [1, 34], [2, 13], [2, 35], [2, 36], [3, 11], [3, 37], [3, 38], [4, 10], [4, 39], [5, 8], [5, 9], [5, 40], [6, 7], [6, 41], [7, 6], [7, 42], [8, 5], [8, 43], [9, 44], [10, 4], [10, 45], [11, 3], [11, 46], [12, 46], [13, 2], [13, 47], [14, 47], [15, 1], [15, 47], [15, 48], [16, 1], [16, 48], [17, 48], [18, 0], [19, 0], [19, 49], [20, 49], [21, 49], [22, 49], [23, 49], [24, 49], [25, 49], [26, 49], [27, 49], [28, 49], [29, 49], [30, 0], [30, 49], [31, 0], [32, 48], [33, 1], [33, 48], [34, 1], [34, 48], [35, 47], [36, 2], [36, 47], [37, 46], [38, 3], [38, 46], [39, 45], [40, 44], [41, 5], [41, 43], [42, 6], [42, 42], [43, 7], [43, 8], [43, 41], [43, 42], [44, 9], [44, 40], [45, 10], [45, 39], [46, 11], [46, 38], [47, 13], [47, 36], [48, 15], [48, 33], [48, 34], [49, 18], [49, 30], [49, 31]]
neventsinfailedbin=[46, 89, 89, 62, 13, 56, 42, 15, 45, 73, 12, 17, 40, 3, 17, 5, 1, 30, 9, 6, 26, 6, 24, 5, 34, 36, 67, 3, 14, 5, 27, 35, 1, 33, 15, 81, 2, 96, 11, 41, 14, 55, 8, 24, 14, 39, 56, 52, 15, 34, 33, 31, 14, 53, 2, 17, 77, 89, 23, 11, 2, 30, 53, 1, 58, 20, 5, 2, 68, 2, 89, 12, 69, 4, 88, 39, 1, 28, 5, 14, 11, 26, 18, 49, 38, 40, 84, 20, 38, 88, 18]
lt_mean_diff=0.05085892319702935
lt_mean_low=4606.985975368183
lt_mean_high=4847.506411635451
lt_stdev=499.0719423141797
lt_stdev_low=376.98344037457224
lt_stdev_high=569.385948510722
