chi2=0.9659506899621989
e0=10495.461690041817
lt=6468.636366842128
e0u=0.3141428109295348
ltu=5.678507410348911
failedfit=[[0, 18], [0, 19], [0, 20], [0, 24], [0, 28], [0, 29], [0, 30], [0, 31], [1, 15], [1, 16], [1, 32], [1, 33], [1, 34], [2, 13], [2, 35], [2, 36], [3, 11], [3, 12], [3, 37], [4, 10], [4, 38], [4, 39], [5, 9], [5, 39], [5, 40], [6, 7], [6, 8], [6, 40], [6, 41], [7, 6], [7, 7], [7, 42], [8, 5], [8, 43], [9, 5], [9, 44], [10, 4], [10, 44], [10, 45], [11, 3], [11, 45], [11, 46], [12, 3], [12, 46], [13, 2], [13, 46], [13, 47], [14, 47], [15, 1], [15, 47], [15, 48], [16, 1], [16, 48], [17, 48], [18, 0], [18, 48], [19, 0], [19, 49], [20, 0], [20, 49], [21, 0], [21, 49], [22, 0], [22, 49], [23, 49], [24, 49], [25, 49], [26, 49], [27, 49], [28, 0], [28, 49], [29, 0], [29, 49], [30, 0], [30, 49], [31, 0], [31, 48], [32, 48], [33, 1], [33, 48], [34, 1], [34, 47], [34, 48], [35, 47], [36, 2], [36, 47], [37, 46], [38, 3], [38, 45], [38, 46], [39, 4], [39, 45], [40, 44], [41, 5], [41, 43], [41, 44], [42, 6], [42, 42], [42, 43], [43, 8], [43, 41], [43, 42], [44, 8], [44, 9], [44, 40], [45, 10], [45, 38], [45, 39], [46, 11], [46, 38], [47, 13], [47, 36], [48, 15], [48, 33], [48, 34], [49, 18], [49, 19], [49, 29], [49, 30], [49, 31]]
neventsinfailedbin=[14, 57, 73, 96, 97, 50, 44, 9, 11, 97, 78, 35, 5, 35, 41, 6, 12, 70, 35, 7, 67, 2, 24, 65, 5, 4, 65, 93, 9, 5, 92, 7, 1, 21, 80, 23, 52, 80, 3, 10, 49, 3, 92, 16, 12, 81, 4, 25, 6, 53, 1, 49, 12, 24, 10, 72, 36, 2, 75, 11, 89, 22, 100, 44, 53, 36, 5, 16, 27, 93, 28, 66, 16, 41, 6, 5, 79, 38, 58, 14, 15, 99, 1, 20, 37, 2, 37, 10, 83, 2, 65, 4, 53, 7, 64, 1, 3, 46, 1, 78, 27, 1, 1, 23, 8, 14, 86, 10, 16, 9, 37, 23, 28, 67, 11, 33, 86, 100, 59, 21]
lt_mean_diff=0.08372640153541168
lt_mean_low=6213.308673585464
lt_mean_high=6756.629033084056
lt_stdev=875.1917901573021
lt_stdev_low=645.1612147364929
lt_stdev_high=979.5875769171373
