chi2=0.9462915587803008
e0=10399.34059931366
lt=9071.312927834608
e0u=0.22634154803818202
ltu=5.813976932731415
failedfit=[[0, 18], [0, 19], [0, 29], [0, 30], [0, 31], [1, 15], [1, 33], [1, 34], [2, 13], [2, 35], [2, 36], [3, 11], [3, 37], [3, 38], [4, 10], [4, 39], [5, 8], [5, 9], [5, 40], [6, 7], [6, 41], [7, 6], [7, 7], [7, 42], [8, 5], [8, 43], [9, 44], [10, 4], [10, 45], [11, 3], [11, 45], [11, 46], [12, 46], [13, 2], [13, 47], [14, 47], [15, 1], [15, 47], [15, 48], [16, 48], [17, 48], [18, 0], [19, 0], [19, 49], [20, 49], [21, 49], [22, 49], [23, 49], [24, 49], [25, 49], [26, 49], [27, 49], [28, 49], [29, 0], [29, 49], [30, 0], [30, 49], [31, 0], [33, 1], [33, 48], [34, 1], [34, 48], [35, 47], [36, 2], [36, 47], [37, 46], [38, 3], [38, 46], [39, 4], [39, 45], [40, 44], [41, 5], [41, 43], [41, 44], [42, 6], [42, 7], [42, 42], [43, 7], [43, 41], [43, 42], [44, 9], [44, 40], [44, 41], [45, 10], [45, 39], [46, 11], [46, 38], [47, 13], [47, 36], [48, 15], [48, 34], [49, 18], [49, 19], [49, 30], [49, 31]]
neventsinfailedbin=[32, 76, 91, 68, 20, 37, 53, 12, 47, 82, 18, 14, 58, 1, 8, 8, 1, 38, 10, 3, 30, 2, 89, 7, 2, 43, 45, 66, 7, 18, 99, 3, 32, 35, 2, 51, 22, 89, 7, 26, 37, 11, 58, 14, 32, 31, 43, 77, 49, 15, 38, 49, 43, 98, 26, 77, 2, 13, 96, 42, 24, 1, 28, 37, 5, 77, 22, 5, 85, 2, 96, 5, 99, 3, 9, 86, 57, 4, 30, 1, 27, 22, 1, 19, 12, 13, 11, 41, 51, 47, 22, 41, 94, 93, 27]
lt_mean_diff=0.04116292332489659
lt_mean_low=8938.240258182452
lt_mean_high=9314.005966274482
lt_stdev=1598.6486069080238
lt_stdev_low=1394.7837066462203
lt_stdev_high=1754.8613581074462
