chi2=0.9547419463635829
e0=10460.338764300792
lt=6229.617464382467
e0u=0.2905587262621594
ltu=5.07393724003526
failedfit=[[0, 18], [0, 19], [0, 20], [0, 28], [0, 29], [0, 30], [0, 31], [1, 15], [1, 32], [1, 33], [1, 34], [2, 13], [2, 35], [2, 36], [3, 11], [3, 37], [4, 10], [4, 38], [4, 39], [5, 9], [5, 39], [5, 40], [6, 7], [6, 8], [6, 41], [7, 6], [7, 42], [8, 5], [8, 43], [9, 5], [9, 44], [10, 4], [10, 45], [11, 3], [11, 45], [11, 46], [12, 46], [13, 2], [13, 46], [13, 47], [14, 47], [15, 1], [15, 47], [15, 48], [16, 1], [16, 48], [17, 48], [18, 0], [18, 48], [19, 0], [19, 49], [20, 0], [20, 49], [21, 49], [22, 49], [23, 49], [24, 49], [25, 49], [26, 49], [27, 49], [28, 49], [29, 0], [29, 49], [30, 0], [30, 49], [31, 0], [31, 48], [32, 48], [33, 1], [33, 48], [34, 1], [35, 47], [36, 2], [36, 47], [37, 46], [38, 3], [38, 46], [39, 4], [39, 45], [40, 5], [40, 44], [41, 5], [41, 43], [42, 6], [42, 42], [43, 7], [43, 8], [43, 41], [44, 8], [44, 9], [44, 40], [45, 10], [45, 39], [46, 11], [46, 37], [46, 38], [47, 13], [47, 36], [48, 15], [48, 33], [48, 34], [49, 18], [49, 19], [49, 30], [49, 31]]
neventsinfailedbin=[29, 56, 74, 92, 58, 44, 12, 29, 83, 42, 7, 31, 50, 15, 7, 35, 8, 76, 2, 28, 81, 9, 6, 93, 13, 1, 9, 4, 19, 83, 22, 49, 6, 21, 72, 1, 19, 24, 97, 7, 20, 16, 60, 2, 78, 8, 38, 9, 78, 51, 10, 76, 30, 27, 45, 43, 32, 17, 29, 21, 33, 66, 19, 33, 2, 15, 71, 64, 62, 18, 20, 27, 27, 3, 49, 12, 5, 69, 2, 99, 59, 6, 79, 5, 41, 2, 59, 20, 1, 20, 16, 8, 8, 25, 90, 5, 40, 18, 39, 65, 17, 30, 81, 62, 15]
lt_mean_diff=0.08408890270650907
lt_mean_low=5978.875699544432
lt_mean_high=6504.0824782744285
lt_stdev=831.5281835486747
lt_stdev_low=626.1560953132841
lt_stdev_high=919.4436959399407
