chi2=0.9556067208118361
e0=10479.38053277299
lt=6482.15179583721
e0u=0.29143712388691384
ltu=5.308033291695239
failedfit=[[0, 18], [0, 19], [0, 20], [0, 29], [0, 30], [0, 31], [1, 15], [1, 16], [1, 32], [1, 33], [1, 34], [2, 13], [2, 35], [2, 36], [3, 11], [3, 37], [3, 38], [4, 10], [4, 38], [4, 39], [5, 8], [5, 9], [5, 39], [5, 40], [6, 7], [6, 8], [6, 41], [7, 6], [7, 42], [8, 5], [8, 43], [9, 5], [9, 44], [10, 4], [10, 45], [11, 3], [11, 45], [11, 46], [12, 46], [13, 2], [13, 47], [14, 47], [15, 1], [15, 47], [15, 48], [16, 1], [16, 48], [17, 48], [18, 0], [18, 48], [19, 0], [19, 49], [20, 0], [20, 49], [21, 49], [22, 49], [23, 49], [24, 49], [25, 49], [26, 49], [27, 49], [28, 49], [29, 0], [29, 49], [30, 0], [30, 49], [31, 0], [31, 48], [32, 48], [33, 1], [33, 48], [34, 1], [35, 47], [36, 2], [36, 47], [37, 46], [38, 3], [38, 46], [39, 4], [39, 45], [40, 44], [41, 5], [41, 43], [41, 44], [42, 6], [42, 42], [43, 7], [43, 8], [43, 41], [43, 42], [44, 9], [44, 40], [45, 10], [45, 39], [46, 11], [46, 38], [47, 13], [47, 36], [48, 15], [48, 33], [48, 34], [49, 18], [49, 19], [49, 30], [49, 31]]
neventsinfailedbin=[23, 51, 81, 57, 37, 13, 31, 94, 84, 39, 8, 43, 66, 14, 10, 38, 1, 4, 74, 4, 1, 19, 85, 3, 3, 88, 13, 2, 9, 1, 26, 93, 29, 52, 4, 8, 63, 3, 38, 19, 7, 35, 17, 70, 3, 59, 13, 37, 8, 78, 36, 4, 85, 18, 24, 39, 40, 35, 8, 26, 28, 23, 80, 15, 53, 6, 16, 90, 61, 79, 26, 17, 23, 28, 2, 37, 14, 4, 85, 4, 48, 8, 65, 1, 6, 39, 7, 82, 30, 1, 23, 8, 11, 9, 27, 12, 43, 36, 21, 84, 22, 25, 89, 72, 16]
lt_mean_diff=0.07973200555958333
lt_mean_low=6237.719563754762
lt_mean_high=6756.040115555658
lt_stdev=915.6763049002162
lt_stdev_low=742.8177219015963
lt_stdev_high=992.1360724630096
