chi2=0.9953573577051987
e0=10517.904032761644
lt=6548.588987714324
e0u=0.33259904946937024
ltu=6.056509510205644
failedfit=[[0, 18], [0, 19], [0, 20], [0, 25], [0, 27], [0, 28], [0, 29], [0, 30], [0, 31], [1, 15], [1, 16], [1, 32], [1, 33], [1, 34], [2, 13], [2, 14], [2, 35], [2, 36], [3, 11], [3, 12], [3, 37], [3, 38], [4, 10], [4, 11], [4, 38], [4, 39], [5, 8], [5, 9], [5, 10], [5, 39], [5, 40], [6, 7], [6, 8], [6, 40], [6, 41], [7, 7], [7, 42], [8, 5], [8, 6], [8, 42], [8, 43], [9, 5], [9, 44], [10, 4], [10, 44], [10, 45], [11, 3], [11, 45], [11, 46], [12, 3], [12, 46], [13, 2], [13, 46], [13, 47], [14, 2], [14, 47], [15, 1], [15, 47], [15, 48], [16, 1], [16, 48], [17, 48], [18, 0], [18, 48], [19, 0], [19, 48], [19, 49], [20, 0], [20, 49], [21, 0], [21, 49], [22, 0], [22, 49], [23, 49], [24, 49], [25, 49], [26, 49], [27, 49], [28, 0], [28, 49], [29, 0], [29, 49], [30, 0], [30, 49], [31, 0], [31, 48], [32, 1], [32, 48], [33, 1], [33, 48], [34, 1], [34, 48], [35, 47], [36, 2], [36, 46], [37, 3], [37, 46], [38, 3], [38, 45], [38, 46], [39, 4], [39, 45], [40, 5], [40, 44], [41, 5], [41, 6], [41, 43], [41, 44], [42, 6], [42, 7], [42, 42], [43, 7], [43, 8], [43, 41], [43, 42], [44, 8], [44, 9], [44, 39], [44, 40], [45, 10], [45, 38], [45, 39], [46, 11], [46, 37], [46, 38], [47, 13], [47, 35], [47, 36], [48, 15], [48, 16], [48, 33], [48, 34], [49, 18], [49, 19], [49, 29], [49, 30], [49, 31]]
neventsinfailedbin=[26, 46, 69, 96, 95, 84, 39, 27, 9, 23, 76, 88, 24, 4, 21, 91, 47, 8, 7, 85, 27, 1, 5, 98, 47, 2, 1, 13, 97, 64, 3, 3, 65, 88, 7, 80, 7, 3, 92, 81, 21, 65, 16, 28, 92, 3, 12, 54, 2, 80, 17, 15, 81, 1, 74, 18, 13, 51, 1, 47, 9, 28, 14, 61, 29, 85, 4, 57, 8, 76, 14, 79, 36, 31, 32, 5, 33, 25, 73, 22, 60, 14, 38, 4, 4, 57, 95, 55, 51, 13, 10, 1, 14, 22, 87, 99, 38, 8, 93, 1, 40, 1, 96, 39, 3, 88, 45, 1, 2, 79, 38, 2, 50, 17, 1, 1, 14, 79, 6, 15, 91, 8, 10, 65, 11, 18, 89, 19, 15, 85, 74, 13, 24, 56, 79, 55, 16]
lt_mean_diff=0.08279961179633304
lt_mean_low=6294.149310578562
lt_mean_high=6838.144967892837
lt_stdev=890.355800408003
lt_stdev_low=695.5975233887281
lt_stdev_high=973.1745037226099
