chi2=0.9174561385607682
e0=10452.647947945201
lt=8171.41585145937
e0u=0.2403826855983309
ltu=5.585628082981114
failedfit=[[0, 18], [0, 19], [0, 29], [0, 30], [0, 31], [1, 15], [1, 33], [1, 34], [2, 13], [2, 35], [2, 36], [3, 11], [3, 37], [3, 38], [4, 10], [4, 39], [5, 8], [5, 9], [5, 40], [6, 7], [6, 41], [7, 6], [7, 42], [8, 5], [8, 43], [9, 44], [10, 4], [10, 45], [11, 3], [11, 45], [11, 46], [12, 46], [13, 2], [13, 47], [14, 47], [15, 1], [15, 48], [16, 48], [17, 48], [18, 0], [18, 48], [19, 0], [19, 49], [20, 49], [21, 49], [22, 49], [23, 49], [24, 49], [25, 49], [26, 49], [27, 49], [28, 49], [29, 49], [30, 0], [30, 49], [31, 0], [32, 48], [33, 1], [33, 48], [34, 1], [34, 48], [35, 47], [36, 2], [37, 46], [38, 3], [38, 46], [39, 45], [40, 44], [41, 5], [41, 43], [41, 44], [42, 6], [42, 42], [43, 7], [43, 41], [44, 9], [44, 40], [44, 41], [45, 10], [45, 39], [46, 11], [46, 38], [47, 13], [47, 36], [48, 15], [48, 34], [49, 18], [49, 30], [49, 31]]
neventsinfailedbin=[23, 82, 83, 45, 16, 30, 48, 14, 40, 87, 22, 17, 53, 1, 9, 9, 1, 35, 7, 2, 29, 7, 12, 4, 40, 36, 71, 10, 11, 95, 4, 44, 36, 3, 48, 14, 7, 19, 45, 18, 99, 61, 9, 22, 22, 51, 75, 64, 16, 42, 51, 43, 17, 54, 5, 16, 71, 81, 27, 12, 1, 27, 39, 64, 32, 6, 6, 67, 6, 83, 1, 7, 47, 7, 28, 31, 17, 1, 24, 13, 32, 11, 54, 48, 30, 29, 47, 87, 18]
lt_mean_diff=0.06140991477695416
lt_mean_low=7955.38855423705
lt_mean_high=8459.675655185747
lt_stdev=1264.2117157525593
lt_stdev_low=1016.8950570530891
lt_stdev_high=1420.7510941906708
