chi2=1.0681622397921915
e0=10509.751460666304
lt=6192.429356645891
e0u=0.3625203094010093
ltu=6.213681092767533
failedfit=[[0, 18], [0, 19], [0, 20], [0, 21], [0, 22], [0, 23], [0, 24], [0, 25], [0, 26], [0, 27], [0, 28], [0, 29], [0, 30], [0, 31], [1, 15], [1, 16], [1, 31], [1, 32], [1, 33], [1, 34], [2, 13], [2, 14], [2, 34], [2, 35], [2, 36], [3, 11], [3, 12], [3, 36], [3, 37], [3, 38], [4, 10], [4, 11], [4, 38], [5, 9], [5, 10], [5, 39], [5, 40], [6, 7], [6, 8], [6, 40], [6, 41], [7, 6], [7, 7], [7, 41], [7, 42], [8, 6], [8, 42], [8, 43], [9, 5], [9, 43], [9, 44], [10, 4], [10, 44], [10, 45], [11, 3], [11, 45], [11, 46], [12, 3], [12, 45], [12, 46], [13, 2], [13, 46], [13, 47], [14, 2], [14, 47], [15, 1], [15, 47], [16, 1], [16, 48], [17, 1], [17, 48], [18, 0], [18, 48], [19, 0], [19, 48], [19, 49], [20, 0], [20, 49], [21, 0], [21, 49], [22, 0], [22, 49], [23, 0], [23, 49], [24, 49], [25, 49], [26, 49], [27, 0], [27, 49], [28, 0], [28, 49], [29, 0], [29, 49], [30, 0], [30, 48], [31, 0], [31, 48], [32, 1], [32, 48], [33, 1], [33, 48], [34, 1], [34, 47], [35, 2], [35, 47], [36, 2], [36, 46], [36, 47], [37, 3], [37, 46], [38, 3], [38, 45], [38, 46], [39, 4], [39, 36], [39, 44], [39, 45], [40, 5], [40, 44], [41, 5], [41, 6], [41, 43], [41, 44], [42, 6], [42, 7], [42, 42], [42, 43], [43, 7], [43, 8], [43, 40], [43, 41], [44, 9], [44, 39], [44, 40], [45, 10], [45, 38], [45, 39], [46, 11], [46, 12], [46, 37], [46, 38], [47, 13], [47, 35], [47, 36], [48, 15], [48, 16], [48, 32], [48, 33], [48, 34], [49, 18], [49, 19], [49, 20], [49, 28], [49, 29], [49, 30], [49, 31]]
neventsinfailedbin=[13, 39, 33, 74, 95, 88, 89, 98, 87, 87, 52, 21, 23, 6, 13, 57, 82, 50, 18, 4, 19, 77, 95, 38, 7, 4, 71, 88, 19, 1, 5, 86, 61, 13, 74, 59, 5, 2, 60, 58, 8, 1, 64, 81, 6, 71, 85, 9, 74, 78, 10, 29, 64, 3, 11, 35, 1, 70, 99, 18, 17, 67, 1, 53, 17, 5, 41, 43, 7, 93, 14, 6, 45, 33, 88, 4, 56, 12, 74, 15, 63, 17, 100, 18, 17, 7, 17, 68, 17, 73, 18, 43, 10, 31, 90, 10, 68, 94, 40, 34, 15, 7, 71, 84, 16, 20, 73, 1, 63, 30, 12, 59, 3, 47, 92, 90, 1, 73, 32, 2, 80, 59, 1, 4, 65, 36, 1, 3, 39, 90, 20, 11, 73, 3, 9, 73, 5, 14, 87, 53, 7, 18, 62, 14, 24, 70, 90, 58, 11, 29, 49, 95, 89, 63, 29, 9]
lt_mean_diff=0.10777173389107364
lt_mean_low=5872.070198033401
lt_mean_high=6541.589406004377
lt_stdev=840.3734476851611
lt_stdev_low=601.1872421256942
lt_stdev_high=905.1889535427724
