chi2=0.9400004133154295
e0=10380.468561833179
lt=6797.86945222635
e0u=0.32150805446399716
ltu=6.239628008970201
failedfit=[[0, 18], [0, 19], [0, 20], [0, 29], [0, 30], [0, 31], [1, 15], [1, 16], [1, 33], [1, 34], [2, 13], [2, 35], [2, 36], [3, 11], [3, 37], [3, 38], [4, 10], [4, 38], [4, 39], [5, 9], [5, 39], [5, 40], [6, 7], [6, 8], [6, 41], [7, 6], [7, 42], [8, 5], [8, 43], [9, 5], [9, 44], [10, 4], [10, 45], [11, 3], [11, 45], [11, 46], [12, 3], [12, 46], [13, 2], [13, 47], [14, 2], [14, 47], [15, 1], [15, 47], [16, 1], [16, 48], [17, 48], [18, 0], [18, 49], [19, 0], [19, 49], [20, 0], [20, 49], [21, 49], [22, 49], [23, 49], [24, 49], [25, 49], [26, 49], [27, 49], [28, 49], [29, 0], [29, 49], [30, 0], [30, 49], [31, 0], [31, 48], [31, 49], [32, 48], [33, 1], [33, 48], [34, 1], [34, 48], [35, 47], [36, 2], [36, 47], [37, 46], [38, 3], [38, 45], [38, 46], [39, 4], [39, 45], [40, 44], [41, 5], [41, 43], [41, 44], [42, 6], [42, 42], [42, 43], [43, 7], [43, 8], [43, 41], [43, 42], [44, 9], [44, 40], [45, 10], [45, 39], [46, 11], [46, 37], [46, 38], [47, 13], [47, 35], [47, 36], [48, 15], [48, 16], [48, 33], [48, 34], [49, 18], [49, 19], [49, 30], [49, 31]]
neventsinfailedbin=[32, 51, 91, 76, 57, 13, 18, 75, 49, 7, 30, 69, 21, 18, 39, 4, 14, 97, 9, 27, 66, 6, 6, 79, 14, 2, 14, 1, 31, 93, 34, 38, 12, 11, 80, 1, 84, 39, 21, 5, 84, 44, 10, 69, 48, 12, 62, 10, 4, 38, 13, 84, 35, 40, 38, 64, 71, 25, 56, 58, 53, 80, 22, 42, 10, 7, 81, 3, 75, 68, 19, 9, 3, 29, 30, 7, 44, 16, 92, 5, 79, 11, 64, 3, 54, 1, 9, 53, 2, 4, 76, 31, 1, 26, 10, 13, 11, 18, 96, 11, 37, 72, 37, 26, 81, 73, 17, 36, 63, 58, 17]
lt_mean_diff=0.04394855320650102
lt_mean_low=6668.792029646337
lt_mean_high=6968.555458132995
lt_stdev=904.4715620246944
lt_stdev_low=792.2334685296378
lt_stdev_high=979.2482711463929
