chi2=0.9401200939369955
e0=10394.354290799236
lt=6029.081448082551
e0u=0.20202909761035973
ltu=3.4554911469012204
failedfit=[[0, 18], [0, 30], [0, 31], [1, 15], [1, 33], [1, 34], [2, 13], [2, 36], [3, 11], [3, 37], [3, 38], [4, 10], [4, 39], [5, 9], [5, 40], [6, 7], [6, 41], [7, 6], [7, 42], [8, 5], [8, 43], [9, 44], [10, 45], [11, 3], [11, 46], [12, 46], [13, 2], [13, 47], [14, 47], [15, 1], [15, 48], [16, 48], [17, 48], [18, 0], [19, 0], [19, 49], [20, 49], [21, 49], [22, 49], [24, 49], [25, 49], [26, 49], [27, 49], [28, 49], [29, 49], [30, 0], [30, 49], [31, 0], [33, 48], [34, 1], [34, 48], [35, 47], [36, 2], [36, 47], [37, 46], [38, 3], [38, 46], [39, 45], [41, 5], [41, 44], [42, 6], [42, 42], [43, 7], [43, 41], [44, 8], [44, 9], [44, 40], [44, 41], [45, 10], [45, 39], [46, 11], [46, 38], [47, 13], [47, 36], [48, 15], [48, 34], [49, 18], [49, 31]]
neventsinfailedbin=[68, 97, 32, 51, 71, 16, 83, 23, 22, 74, 4, 15, 3, 49, 8, 14, 21, 9, 25, 7, 45, 57, 18, 29, 3, 66, 52, 7, 57, 25, 6, 21, 75, 27, 99, 18, 31, 42, 66, 87, 32, 50, 79, 53, 24, 92, 2, 25, 40, 36, 1, 34, 69, 3, 93, 41, 10, 10, 10, 3, 13, 99, 6, 55, 1, 28, 17, 1, 23, 17, 32, 24, 74, 47, 57, 54, 69, 45]
lt_mean_diff=-0.10447409788110208
lt_mean_low=6367.924693135071
lt_mean_high=5736.10232530235
lt_stdev=888.1603350408735
lt_stdev_low=961.4240760225447
lt_stdev_high=678.3632192395442
