chi2=0.9338692500974283
e0=10447.570428638808
lt=8102.755577588566
e0u=0.2372407259511201
ltu=5.49697065654884
failedfit=[[0, 18], [0, 19], [0, 29], [0, 30], [0, 31], [1, 15], [1, 33], [1, 34], [2, 13], [2, 35], [2, 36], [3, 11], [3, 37], [3, 38], [4, 10], [4, 38], [4, 39], [5, 8], [5, 9], [5, 40], [6, 7], [6, 41], [7, 6], [7, 42], [8, 5], [8, 43], [9, 44], [10, 4], [10, 45], [11, 3], [11, 45], [11, 46], [12, 46], [13, 2], [13, 47], [14, 47], [15, 1], [15, 48], [16, 48], [17, 48], [18, 0], [19, 0], [19, 49], [20, 49], [21, 49], [22, 49], [23, 49], [24, 49], [25, 49], [26, 49], [27, 49], [28, 49], [29, 0], [29, 49], [30, 0], [30, 49], [31, 0], [32, 48], [33, 48], [34, 1], [35, 47], [36, 2], [36, 47], [37, 46], [38, 3], [38, 46], [39, 4], [39, 45], [40, 44], [41, 5], [41, 43], [42, 6], [42, 42], [43, 7], [43, 41], [44, 9], [44, 40], [45, 10], [45, 39], [46, 11], [46, 38], [47, 13], [47, 36], [48, 15], [48, 33], [48, 34], [49, 18], [49, 30], [49, 31]]
neventsinfailedbin=[32, 69, 95, 62, 11, 29, 49, 10, 51, 89, 18, 16, 39, 3, 14, 98, 9, 2, 43, 7, 4, 24, 7, 12, 3, 40, 43, 55, 3, 9, 90, 6, 43, 30, 11, 46, 14, 4, 19, 55, 18, 65, 14, 18, 20, 56, 69, 65, 19, 54, 37, 33, 97, 25, 67, 1, 15, 84, 28, 18, 38, 62, 3, 59, 21, 2, 89, 3, 68, 6, 81, 10, 58, 1, 36, 19, 13, 22, 10, 29, 14, 48, 41, 33, 100, 25, 54, 92, 22]
lt_mean_diff=0.06630208115323481
lt_mean_low=7867.265271060612
lt_mean_high=8407.081361006209
lt_stdev=1224.0929519734414
lt_stdev_low=989.3063471370057
lt_stdev_high=1362.8889258379636
