chi2=0.9315757792849062
e0=10380.236807286454
lt=5446.644534715675
e0u=0.2132473318543492
ltu=3.3503140351770044
failedfit=[[0, 18], [0, 30], [0, 31], [1, 15], [1, 33], [1, 34], [2, 13], [2, 35], [2, 36], [3, 11], [3, 37], [3, 38], [4, 10], [4, 39], [5, 9], [5, 40], [6, 7], [6, 41], [7, 6], [7, 42], [8, 5], [8, 43], [9, 44], [10, 45], [11, 3], [11, 46], [12, 46], [13, 2], [13, 47], [14, 47], [15, 1], [15, 48], [16, 48], [17, 48], [18, 0], [19, 0], [19, 49], [20, 49], [21, 49], [22, 49], [23, 49], [24, 49], [25, 49], [26, 49], [27, 49], [28, 49], [29, 49], [30, 0], [30, 49], [31, 0], [32, 48], [33, 48], [34, 1], [35, 47], [36, 2], [36, 47], [37, 46], [38, 3], [38, 46], [39, 45], [41, 5], [41, 44], [42, 6], [42, 42], [43, 7], [43, 41], [44, 8], [44, 9], [44, 40], [45, 10], [45, 39], [46, 11], [46, 38], [47, 13], [47, 36], [48, 15], [48, 34], [49, 18], [49, 31]]
neventsinfailedbin=[35, 74, 16, 53, 61, 28, 66, 79, 16, 21, 56, 1, 9, 5, 34, 6, 3, 25, 1, 13, 7, 21, 50, 9, 18, 7, 40, 27, 1, 42, 18, 2, 20, 59, 25, 51, 9, 24, 29, 56, 72, 65, 15, 43, 49, 42, 31, 62, 6, 19, 96, 43, 32, 36, 61, 3, 79, 19, 2, 7, 4, 1, 8, 52, 4, 36, 1, 24, 7, 21, 16, 18, 24, 52, 35, 48, 37, 46, 36]
lt_mean_diff=0.07323388543951989
lt_mean_low=5261.517524676314
lt_mean_high=5661.718480012228
lt_stdev=746.5918367169346
lt_stdev_low=543.6537148741835
lt_stdev_high=855.8366887123024
