chi2=0.9549524156016947
e0=10319.256625247386
lt=8305.746007443775
e0u=0.3403615189273102
ltu=7.940358957200107
failedfit=[[0, 18], [0, 19], [0, 20], [0, 21], [0, 22], [0, 24], [0, 25], [0, 27], [0, 29], [0, 30], [0, 31], [1, 15], [1, 16], [1, 32], [1, 33], [1, 34], [2, 13], [2, 14], [2, 35], [2, 36], [3, 11], [3, 12], [3, 36], [3, 37], [4, 10], [4, 11], [4, 38], [4, 39], [5, 9], [5, 10], [5, 39], [5, 40], [6, 7], [6, 8], [6, 40], [6, 41], [7, 6], [7, 7], [7, 41], [7, 42], [8, 5], [8, 6], [8, 42], [8, 43], [9, 5], [9, 44], [10, 4], [10, 44], [10, 45], [11, 3], [11, 45], [11, 46], [12, 3], [12, 46], [13, 2], [13, 46], [13, 47], [14, 2], [14, 47], [15, 1], [15, 47], [15, 48], [16, 1], [16, 47], [16, 48], [17, 1], [17, 48], [18, 0], [18, 48], [18, 49], [19, 0], [19, 49], [20, 0], [20, 49], [21, 0], [21, 49], [22, 0], [22, 49], [23, 0], [23, 49], [24, 0], [24, 49], [25, 0], [25, 49], [26, 0], [26, 49], [27, 0], [27, 49], [28, 0], [28, 49], [29, 0], [29, 49], [30, 0], [30, 48], [30, 49], [31, 0], [31, 1], [31, 48], [31, 49], [32, 1], [32, 48], [33, 1], [33, 48], [34, 1], [34, 47], [34, 48], [35, 2], [35, 47], [36, 2], [36, 46], [36, 47], [37, 3], [37, 46], [38, 3], [38, 45], [38, 46], [39, 4], [39, 45], [40, 5], [40, 44], [41, 5], [41, 6], [41, 43], [41, 44], [42, 6], [42, 7], [42, 41], [42, 42], [42, 43], [43, 7], [43, 8], [43, 41], [44, 9], [44, 10], [44, 39], [44, 40], [44, 41], [45, 10], [45, 38], [45, 39], [46, 11], [46, 12], [46, 37], [46, 38], [47, 13], [47, 14], [47, 35], [47, 36], [48, 15], [48, 16], [48, 33], [48, 34], [49, 18], [49, 19], [49, 20], [49, 24], [49, 25], [49, 26], [49, 28], [49, 29], [49, 30], [49, 31]]
neventsinfailedbin=[14, 50, 55, 93, 99, 64, 94, 94, 55, 50, 14, 10, 56, 89, 41, 11, 18, 72, 57, 15, 7, 70, 90, 40, 6, 66, 78, 4, 17, 79, 67, 10, 3, 61, 92, 21, 2, 48, 81, 8, 2, 66, 85, 26, 51, 32, 35, 76, 7, 5, 46, 7, 61, 23, 15, 79, 7, 58, 33, 9, 52, 5, 44, 93, 24, 78, 34, 5, 76, 4, 24, 15, 26, 20, 85, 28, 81, 52, 70, 51, 99, 42, 85, 26, 78, 36, 73, 43, 72, 37, 46, 31, 25, 94, 13, 9, 100, 69, 3, 92, 54, 35, 29, 11, 94, 4, 92, 28, 13, 84, 2, 85, 30, 7, 71, 6, 47, 4, 68, 51, 2, 72, 39, 1, 3, 41, 92, 23, 1, 3, 48, 19, 7, 95, 83, 8, 1, 6, 81, 5, 11, 88, 65, 11, 16, 81, 79, 20, 15, 47, 55, 15, 23, 40, 77, 95, 84, 95, 83, 66, 49, 15]
lt_mean_diff=0.012012026357016354
lt_mean_low=8309.6115959725
lt_mean_high=8410.035824434077
lt_stdev=1316.7711500868074
lt_stdev_low=1276.762992612092
lt_stdev_high=1353.0248653113772
