chi2=0.9270456205252502
e0=10390.570044459499
lt=5721.562819622809
e0u=0.18728020357684463
ltu=3.0389166181268195
failedfit=[[0, 18], [0, 31], [1, 15], [1, 33], [1, 34], [2, 13], [2, 36], [3, 11], [3, 37], [3, 38], [4, 10], [4, 39], [5, 9], [5, 40], [6, 7], [6, 41], [7, 6], [7, 42], [8, 5], [8, 43], [9, 44], [10, 45], [11, 3], [11, 46], [12, 46], [13, 2], [13, 47], [14, 47], [15, 1], [15, 48], [16, 48], [17, 48], [18, 0], [18, 49], [19, 49], [20, 49], [21, 49], [22, 49], [23, 49], [24, 49], [25, 49], [26, 49], [27, 49], [28, 49], [29, 49], [30, 49], [31, 0], [33, 48], [34, 1], [34, 48], [35, 47], [36, 2], [36, 47], [38, 3], [38, 46], [39, 45], [41, 5], [42, 6], [43, 7], [43, 41], [44, 9], [44, 40], [45, 10], [45, 39], [46, 11], [46, 38], [47, 13], [47, 36], [48, 15], [48, 34], [49, 18], [49, 31]]
neventsinfailedbin=[58, 30, 75, 82, 16, 88, 31, 35, 91, 2, 20, 6, 56, 10, 9, 36, 9, 16, 13, 41, 77, 14, 40, 2, 75, 58, 6, 55, 38, 2, 35, 74, 30, 2, 15, 34, 39, 79, 86, 92, 17, 71, 85, 68, 32, 3, 28, 40, 31, 1, 51, 93, 3, 45, 3, 4, 8, 19, 14, 70, 35, 10, 41, 23, 44, 24, 89, 65, 68, 48, 80, 39]
lt_mean_diff=0.07814202645655614
lt_mean_low=5512.683000465618
lt_mean_high=5961.221873661699
lt_stdev=783.2819233196898
lt_stdev_low=579.7718069414058
lt_stdev_high=885.533745585139
