chi2=0.9213330486366174
e0=10410.307638972734
lt=5932.686804546568
e0u=0.2128187766293382
ltu=3.5717833353770247
failedfit=[[0, 18], [0, 30], [0, 31], [1, 15], [1, 33], [1, 34], [2, 13], [2, 35], [2, 36], [3, 11], [3, 37], [3, 38], [4, 10], [4, 39], [5, 8], [5, 9], [5, 40], [6, 7], [6, 41], [7, 6], [7, 42], [8, 5], [8, 43], [9, 44], [10, 4], [10, 45], [11, 3], [11, 46], [12, 46], [13, 2], [13, 47], [14, 47], [15, 1], [15, 48], [16, 48], [17, 48], [18, 0], [19, 0], [19, 49], [20, 49], [21, 49], [22, 49], [23, 49], [24, 49], [25, 49], [26, 49], [27, 49], [28, 49], [29, 49], [30, 0], [31, 0], [31, 49], [33, 48], [34, 1], [35, 47], [36, 2], [36, 47], [37, 46], [38, 3], [38, 46], [39, 45], [41, 5], [41, 44], [42, 6], [42, 42], [42, 43], [43, 7], [43, 41], [43, 42], [44, 8], [44, 9], [44, 40], [45, 10], [45, 39], [46, 11], [46, 38], [47, 13], [47, 36], [48, 15], [48, 34], [49, 18], [49, 31]]
neventsinfailedbin=[44, 76, 17, 52, 62, 6, 83, 96, 25, 16, 84, 2, 4, 7, 1, 39, 5, 4, 24, 5, 14, 3, 42, 43, 75, 10, 14, 6, 44, 45, 4, 59, 20, 4, 23, 58, 24, 79, 14, 27, 32, 55, 73, 70, 22, 60, 70, 48, 33, 90, 10, 1, 45, 27, 35, 53, 4, 83, 31, 6, 6, 6, 3, 6, 99, 1, 13, 54, 1, 2, 32, 22, 22, 16, 43, 18, 85, 65, 64, 33, 62, 41]
lt_mean_diff=0.1010441299692216
lt_mean_low=5649.314224131375
lt_mean_high=6250.978037116265
lt_stdev=799.1686641888455
lt_stdev_low=541.4824894035756
lt_stdev_high=892.1639132823092
