chi2=0.9165804203363757
e0=10390.449199536255
lt=5955.164458749376
e0u=0.21128544103206803
ltu=3.559986307795378
failedfit=[[0, 18], [0, 30], [0, 31], [1, 15], [1, 33], [1, 34], [2, 13], [2, 36], [3, 11], [3, 37], [3, 38], [4, 10], [4, 39], [5, 8], [5, 9], [5, 40], [6, 7], [6, 41], [7, 6], [7, 42], [8, 5], [8, 43], [9, 44], [10, 4], [10, 45], [11, 3], [11, 46], [12, 46], [13, 2], [13, 47], [14, 47], [15, 1], [15, 48], [16, 48], [17, 48], [18, 0], [19, 0], [19, 49], [20, 49], [21, 49], [22, 49], [23, 49], [24, 49], [25, 49], [26, 49], [27, 49], [28, 49], [29, 49], [30, 0], [30, 49], [31, 0], [33, 48], [34, 1], [34, 48], [35, 47], [36, 2], [36, 47], [37, 46], [38, 3], [38, 46], [39, 45], [40, 44], [41, 5], [42, 6], [42, 42], [43, 7], [43, 41], [44, 9], [44, 40], [45, 10], [45, 39], [46, 11], [46, 38], [47, 13], [47, 36], [48, 15], [48, 34], [49, 18], [49, 31]]
neventsinfailedbin=[48, 92, 21, 52, 69, 13, 67, 22, 26, 69, 2, 14, 8, 1, 34, 11, 13, 26, 7, 16, 8, 52, 46, 77, 15, 30, 10, 59, 38, 5, 63, 22, 3, 29, 77, 22, 79, 13, 40, 27, 64, 93, 75, 23, 58, 71, 52, 45, 77, 7, 24, 43, 21, 2, 39, 69, 3, 87, 35, 8, 11, 98, 6, 10, 93, 6, 53, 35, 18, 39, 22, 39, 25, 55, 58, 57, 34, 60, 33]
lt_mean_diff=0.08643063128266602
lt_mean_low=5717.121851700581
lt_mean_high=6233.91015345229
lt_stdev=766.5620791911502
lt_stdev_low=567.8209680160255
lt_stdev_high=844.8008312335866
