chi2=0.9346500832565584
e0=10435.761898993436
lt=6023.130839793672
e0u=0.24211191514323524
ltu=4.10748888592484
failedfit=[[0, 18], [0, 19], [0, 30], [0, 31], [1, 15], [1, 33], [1, 34], [2, 13], [2, 35], [2, 36], [3, 11], [3, 37], [3, 38], [4, 10], [4, 39], [5, 9], [5, 40], [6, 7], [6, 41], [7, 6], [7, 42], [8, 5], [8, 43], [9, 44], [10, 4], [10, 45], [11, 3], [11, 45], [11, 46], [12, 46], [13, 2], [13, 47], [14, 47], [15, 1], [15, 47], [15, 48], [16, 48], [17, 48], [18, 0], [18, 49], [19, 0], [19, 49], [20, 49], [21, 49], [22, 49], [23, 49], [24, 49], [25, 49], [26, 49], [27, 49], [28, 49], [29, 49], [30, 0], [30, 49], [31, 0], [32, 48], [33, 1], [33, 48], [34, 1], [35, 47], [36, 2], [36, 47], [37, 46], [38, 3], [38, 46], [39, 45], [40, 44], [41, 5], [42, 6], [42, 42], [43, 7], [43, 41], [44, 9], [44, 40], [45, 10], [45, 39], [46, 11], [46, 38], [47, 13], [47, 36], [48, 15], [48, 34], [49, 18], [49, 30], [49, 31]]
neventsinfailedbin=[37, 82, 63, 12, 41, 62, 16, 43, 98, 24, 18, 58, 2, 6, 3, 43, 7, 10, 16, 5, 9, 3, 32, 37, 62, 10, 22, 100, 4, 39, 38, 8, 46, 17, 90, 3, 21, 60, 12, 1, 72, 7, 25, 32, 50, 69, 52, 25, 59, 42, 40, 36, 63, 5, 15, 100, 91, 35, 23, 31, 51, 3, 72, 30, 3, 7, 76, 10, 7, 70, 5, 46, 26, 15, 34, 13, 34, 17, 60, 45, 46, 23, 43, 96, 30]
lt_mean_diff=0.10573700000147818
lt_mean_low=5717.991676717946
lt_mean_high=6356.912689048814
lt_stdev=802.9901513789767
lt_stdev_low=518.637237962826
lt_stdev_high=898.8574724520524
