chi2=1.1998767220600002
e0=10370.24654695322
lt=5427.0712560098455
e0u=0.18632824621578548
ltu=2.913353830314538
failedfit=[[0, 18], [0, 31], [1, 15], [1, 33], [1, 34], [2, 13], [2, 36], [3, 11], [3, 37], [4, 10], [4, 39], [5, 8], [5, 9], [5, 40], [6, 7], [6, 41], [7, 6], [7, 42], [8, 5], [8, 43], [9, 44], [10, 45], [11, 3], [11, 46], [12, 46], [13, 2], [13, 47], [14, 47], [15, 1], [15, 48], [16, 48], [17, 48], [18, 0], [18, 49], [19, 49], [20, 49], [21, 49], [22, 49], [24, 49], [25, 49], [26, 49], [27, 49], [28, 49], [29, 49], [30, 49], [31, 0], [33, 48], [34, 1], [34, 48], [35, 47], [36, 2], [36, 47], [37, 46], [38, 3], [38, 46], [39, 45], [41, 5], [41, 44], [42, 6], [42, 43], [43, 7], [43, 41], [44, 8], [44, 9], [44, 40], [44, 41], [45, 10], [45, 39], [46, 11], [46, 38], [47, 13], [47, 36], [48, 15], [48, 34], [49, 18], [49, 31]]
neventsinfailedbin=[54, 26, 76, 91, 19, 79, 29, 21, 75, 18, 1, 1, 43, 13, 7, 44, 3, 14, 4, 49, 46, 10, 30, 6, 55, 49, 12, 68, 24, 3, 34, 87, 31, 1, 14, 41, 36, 62, 85, 26, 65, 70, 60, 39, 6, 34, 37, 30, 1, 49, 78, 3, 96, 28, 4, 4, 6, 2, 7, 1, 7, 62, 1, 34, 17, 1, 26, 18, 47, 24, 85, 58, 57, 42, 53, 39]
lt_mean_diff=0.08733324542717832
lt_mean_low=5204.895084261412
lt_mean_high=5680.510519370278
lt_stdev=754.318101172481
lt_stdev_low=530.4477557722523
lt_stdev_high=858.6290393359233
