chi2=0.9339389496193174
e0=10311.36355387133
lt=8611.784546503182
e0u=0.2940818774701803
ltu=7.174480877209365
failedfit=[[0, 18], [0, 19], [0, 20], [0, 21], [0, 24], [0, 25], [0, 28], [0, 29], [0, 30], [0, 31], [1, 15], [1, 16], [1, 32], [1, 33], [1, 34], [2, 13], [2, 14], [2, 35], [2, 36], [3, 11], [3, 12], [3, 37], [3, 38], [4, 10], [4, 11], [4, 38], [4, 39], [5, 9], [5, 39], [5, 40], [6, 7], [6, 8], [6, 40], [6, 41], [7, 6], [7, 7], [7, 41], [7, 42], [8, 5], [8, 6], [8, 42], [8, 43], [9, 5], [9, 43], [9, 44], [10, 4], [10, 44], [10, 45], [11, 3], [11, 45], [11, 46], [12, 3], [12, 46], [13, 2], [13, 46], [13, 47], [14, 2], [14, 47], [15, 1], [15, 47], [15, 48], [16, 1], [16, 48], [17, 1], [17, 48], [18, 0], [18, 1], [18, 48], [19, 0], [19, 49], [20, 0], [20, 49], [21, 0], [21, 49], [22, 0], [22, 49], [23, 0], [23, 49], [24, 0], [24, 49], [25, 0], [25, 49], [26, 0], [26, 49], [27, 0], [27, 49], [28, 0], [28, 49], [29, 0], [29, 49], [30, 0], [30, 49], [31, 0], [31, 48], [32, 1], [32, 48], [33, 1], [33, 48], [34, 1], [34, 47], [35, 2], [35, 47], [36, 2], [36, 46], [36, 47], [37, 3], [37, 46], [38, 3], [38, 45], [38, 46], [39, 4], [39, 45], [40, 5], [40, 44], [41, 5], [41, 6], [41, 43], [42, 6], [42, 7], [42, 41], [42, 42], [42, 43], [43, 7], [43, 8], [43, 40], [43, 41], [44, 8], [44, 9], [44, 10], [44, 39], [44, 40], [45, 10], [45, 38], [45, 39], [46, 11], [46, 12], [46, 37], [46, 38], [47, 13], [47, 14], [47, 35], [47, 36], [48, 15], [48, 16], [48, 32], [48, 33], [48, 34], [49, 18], [49, 19], [49, 20], [49, 25], [49, 28], [49, 29], [49, 30], [49, 31]]
neventsinfailedbin=[21, 46, 48, 96, 89, 93, 78, 40, 39, 6, 19, 57, 73, 27, 7, 23, 79, 46, 13, 8, 68, 29, 3, 5, 89, 88, 5, 16, 88, 4, 3, 50, 87, 8, 1, 41, 75, 3, 1, 74, 84, 29, 67, 93, 22, 33, 85, 6, 6, 47, 3, 60, 22, 12, 83, 2, 66, 27, 5, 43, 1, 52, 8, 97, 28, 11, 100, 51, 26, 3, 53, 12, 78, 16, 79, 29, 91, 23, 86, 23, 98, 7, 87, 18, 77, 33, 45, 16, 56, 14, 38, 4, 6, 49, 68, 38, 48, 19, 8, 72, 76, 21, 14, 90, 2, 84, 33, 9, 70, 4, 50, 1, 61, 27, 1, 77, 55, 2, 42, 75, 22, 1, 2, 34, 97, 11, 1, 3, 88, 59, 10, 6, 82, 6, 8, 99, 52, 7, 19, 84, 84, 24, 18, 73, 86, 53, 15, 25, 47, 70, 90, 81, 75, 43, 14]
lt_mean_diff=0.014355167219236187
lt_mean_low=8603.83309909643
lt_mean_high=8728.2450694538
lt_stdev=1434.409061196454
lt_stdev_low=1366.1794039566246
lt_stdev_high=1495.6337867395728
