chi2=0.9286198755864236
e0=10390.680442062352
lt=5433.788312836501
e0u=0.20335174349411372
ltu=3.121678388935263
failedfit=[[0, 18], [0, 30], [0, 31], [1, 15], [1, 33], [1, 34], [2, 13], [2, 35], [2, 36], [3, 11], [3, 37], [3, 38], [4, 10], [4, 39], [5, 8], [5, 9], [5, 40], [6, 7], [6, 41], [7, 6], [7, 42], [8, 5], [8, 43], [9, 44], [10, 4], [10, 45], [11, 3], [11, 46], [12, 46], [13, 2], [13, 47], [14, 47], [15, 1], [15, 47], [15, 48], [16, 48], [17, 48], [18, 0], [19, 49], [20, 49], [21, 49], [22, 49], [23, 49], [24, 49], [25, 49], [26, 49], [27, 49], [28, 49], [29, 49], [30, 0], [30, 49], [31, 0], [33, 48], [34, 1], [34, 48], [35, 47], [36, 2], [36, 47], [37, 46], [38, 3], [38, 46], [39, 45], [41, 5], [41, 44], [42, 6], [42, 42], [43, 7], [43, 41], [43, 42], [44, 8], [44, 9], [44, 40], [45, 10], [45, 39], [46, 11], [46, 38], [47, 13], [47, 36], [48, 15], [48, 34], [49, 18], [49, 31]]
neventsinfailedbin=[42, 95, 19, 56, 77, 19, 76, 90, 29, 35, 58, 1, 14, 2, 1, 42, 12, 7, 24, 3, 21, 5, 47, 48, 93, 14, 29, 5, 52, 39, 10, 74, 28, 94, 2, 28, 70, 25, 8, 21, 28, 77, 80, 69, 32, 61, 64, 51, 31, 90, 4, 32, 48, 23, 2, 41, 69, 4, 88, 34, 5, 6, 11, 2, 13, 94, 6, 54, 1, 1, 38, 18, 26, 12, 40, 22, 68, 51, 62, 45, 65, 45]
lt_mean_diff=0.10327688170082787
lt_mean_low=5166.627292423243
lt_mean_high=5729.746403998132
lt_stdev=763.3571186482336
lt_stdev_low=507.4974513648786
lt_stdev_high=861.3413142992587
