chi2=0.9940758394644349
e0=10393.850165593833
lt=5898.944157668033
e0u=0.19928263616559413
ltu=3.328020812176446
failedfit=[[0, 18], [0, 31], [1, 15], [1, 33], [1, 34], [2, 13], [2, 36], [3, 11], [3, 37], [3, 38], [4, 10], [4, 39], [5, 9], [5, 40], [6, 7], [6, 41], [7, 6], [7, 42], [8, 5], [8, 43], [9, 44], [10, 45], [11, 3], [11, 46], [12, 46], [13, 2], [13, 47], [14, 47], [15, 1], [15, 48], [16, 48], [17, 48], [18, 0], [19, 0], [19, 49], [20, 49], [21, 49], [22, 49], [23, 49], [24, 49], [25, 49], [26, 49], [27, 49], [28, 49], [29, 49], [30, 49], [31, 0], [33, 48], [34, 1], [34, 48], [35, 47], [36, 2], [36, 47], [37, 46], [38, 3], [38, 46], [39, 45], [41, 5], [41, 44], [42, 6], [43, 7], [43, 41], [44, 9], [44, 40], [45, 10], [45, 39], [46, 11], [46, 38], [47, 13], [47, 36], [48, 15], [48, 34], [49, 18], [49, 31]]
neventsinfailedbin=[58, 23, 72, 83, 19, 81, 30, 31, 70, 4, 21, 8, 43, 8, 12, 25, 6, 10, 9, 44, 47, 11, 24, 14, 79, 53, 4, 69, 26, 6, 26, 75, 28, 92, 14, 51, 38, 63, 92, 98, 25, 49, 65, 44, 32, 4, 29, 45, 46, 2, 48, 73, 3, 99, 42, 4, 5, 12, 2, 14, 7, 47, 55, 19, 37, 29, 54, 19, 70, 57, 67, 40, 64, 38]
lt_mean_diff=0.01111037802430379
lt_mean_low=5883.909088401575
lt_mean_high=5949.651799686705
lt_stdev=776.1981805760638
lt_stdev_low=751.2758923626998
lt_stdev_high=798.3629398369873
