chi2=0.9481927523791609
e0=10450.09931787254
lt=6242.860926713852
e0u=0.27913609604075695
ltu=4.894374802624388
failedfit=[[0, 18], [0, 19], [0, 20], [0, 29], [0, 30], [0, 31], [1, 15], [1, 33], [1, 34], [2, 13], [2, 35], [2, 36], [3, 11], [3, 37], [3, 38], [4, 10], [4, 38], [4, 39], [5, 8], [5, 9], [5, 39], [5, 40], [6, 7], [6, 41], [7, 6], [7, 42], [8, 5], [8, 43], [9, 44], [10, 4], [10, 45], [11, 3], [11, 45], [11, 46], [12, 46], [13, 2], [13, 47], [14, 47], [15, 1], [15, 47], [15, 48], [16, 1], [16, 48], [17, 48], [18, 0], [18, 49], [19, 0], [19, 49], [20, 49], [21, 49], [22, 49], [23, 49], [24, 49], [25, 49], [26, 49], [27, 49], [28, 49], [29, 0], [29, 49], [30, 0], [30, 49], [31, 0], [32, 48], [33, 1], [33, 48], [34, 1], [35, 47], [36, 2], [36, 47], [37, 46], [38, 3], [38, 46], [39, 4], [39, 45], [40, 44], [41, 5], [41, 43], [41, 44], [42, 6], [42, 42], [43, 7], [43, 8], [43, 41], [44, 9], [44, 40], [45, 10], [45, 39], [46, 11], [46, 38], [47, 13], [47, 36], [48, 15], [48, 33], [48, 34], [49, 18], [49, 19], [49, 30], [49, 31]]
neventsinfailedbin=[30, 72, 87, 70, 43, 16, 27, 47, 6, 29, 69, 20, 15, 39, 1, 12, 93, 8, 1, 24, 80, 2, 8, 17, 4, 14, 3, 29, 37, 52, 11, 15, 83, 5, 38, 26, 4, 44, 8, 59, 6, 92, 17, 46, 16, 1, 43, 5, 19, 19, 37, 60, 36, 24, 33, 49, 36, 93, 11, 44, 6, 12, 64, 59, 26, 22, 22, 46, 1, 44, 21, 4, 99, 6, 57, 6, 78, 1, 6, 59, 4, 81, 24, 25, 12, 19, 9, 15, 14, 44, 33, 28, 86, 21, 32, 98, 86, 20]
lt_mean_diff=0.08066450820587326
lt_mean_low=6006.660486834889
lt_mean_high=6511.877758416963
lt_stdev=842.0665798802908
lt_stdev_low=627.064327360854
lt_stdev_high=943.2086305774502
