chi2=0.9307628532406084
e0=10439.138741134479
lt=8111.549144674677
e0u=0.23761341239663053
ltu=5.506901370138662
failedfit=[[0, 18], [0, 19], [0, 20], [0, 29], [0, 30], [0, 31], [1, 15], [1, 33], [1, 34], [2, 13], [2, 35], [2, 36], [3, 11], [3, 37], [3, 38], [4, 10], [4, 39], [5, 8], [5, 9], [5, 40], [6, 7], [6, 41], [7, 6], [7, 42], [8, 5], [8, 43], [9, 44], [10, 4], [10, 45], [11, 3], [11, 45], [11, 46], [12, 46], [13, 2], [13, 47], [14, 47], [15, 1], [15, 48], [16, 48], [17, 48], [18, 0], [18, 48], [19, 0], [19, 49], [20, 49], [21, 49], [22, 49], [23, 49], [24, 49], [25, 49], [26, 49], [27, 49], [28, 49], [29, 49], [30, 0], [30, 49], [31, 0], [32, 48], [33, 48], [34, 1], [35, 47], [36, 2], [36, 47], [37, 46], [38, 3], [38, 46], [39, 45], [40, 44], [41, 5], [41, 43], [41, 44], [42, 6], [42, 42], [43, 7], [43, 41], [44, 9], [44, 40], [44, 41], [45, 10], [45, 39], [46, 11], [46, 38], [47, 13], [47, 36], [48, 15], [48, 33], [48, 34], [49, 18], [49, 30], [49, 31]]
neventsinfailedbin=[28, 89, 95, 94, 55, 15, 34, 55, 15, 52, 54, 20, 18, 52, 1, 10, 5, 1, 48, 7, 7, 20, 5, 14, 7, 46, 43, 66, 13, 21, 98, 5, 43, 30, 9, 43, 17, 4, 15, 57, 23, 100, 58, 5, 19, 26, 51, 71, 58, 15, 36, 42, 40, 20, 53, 5, 18, 78, 36, 19, 32, 38, 3, 63, 23, 8, 5, 69, 5, 87, 1, 17, 51, 6, 32, 32, 11, 1, 27, 10, 26, 7, 50, 44, 50, 99, 21, 39, 99, 25]
lt_mean_diff=0.06868731452310278
lt_mean_low=7864.768182888708
lt_mean_high=8424.539509177277
lt_stdev=1248.7367535075105
lt_stdev_low=975.0995540964323
lt_stdev_high=1411.7291912128464
