chi2=0.9315661160916548
e0=10220.402038429842
lt=8618.282042106868
e0u=0.288715227882768
ltu=6.971399219337237
failedfit=[[0, 18], [0, 19], [0, 20], [0, 24], [0, 28], [0, 29], [0, 30], [0, 31], [1, 15], [1, 16], [1, 31], [1, 32], [1, 33], [1, 34], [2, 13], [2, 35], [2, 36], [3, 11], [3, 12], [3, 37], [3, 38], [4, 10], [4, 38], [4, 39], [5, 8], [5, 9], [5, 39], [5, 40], [6, 7], [6, 8], [6, 40], [6, 41], [7, 6], [7, 7], [7, 41], [7, 42], [8, 5], [8, 6], [8, 43], [9, 5], [9, 44], [10, 4], [10, 44], [10, 45], [11, 3], [11, 45], [11, 46], [12, 3], [12, 46], [13, 2], [13, 47], [14, 2], [14, 47], [15, 1], [15, 47], [15, 48], [16, 1], [16, 48], [17, 48], [18, 0], [18, 48], [19, 0], [19, 49], [20, 0], [20, 49], [21, 0], [21, 49], [22, 0], [22, 49], [23, 49], [24, 49], [25, 49], [26, 49], [27, 0], [27, 49], [28, 0], [28, 49], [29, 0], [29, 49], [30, 0], [30, 49], [31, 0], [31, 48], [32, 48], [33, 1], [33, 48], [34, 1], [34, 47], [34, 48], [35, 47], [36, 2], [36, 47], [37, 3], [37, 46], [38, 3], [38, 46], [39, 4], [39, 45], [40, 5], [40, 44], [41, 5], [41, 43], [42, 6], [42, 7], [42, 42], [42, 43], [43, 7], [43, 8], [43, 41], [44, 9], [44, 39], [44, 40], [45, 10], [45, 38], [45, 39], [46, 11], [46, 37], [46, 38], [47, 13], [47, 35], [47, 36], [48, 15], [48, 16], [48, 33], [48, 34], [49, 18], [49, 19], [49, 20], [49, 30], [49, 31]]
neventsinfailedbin=[17, 44, 75, 69, 73, 28, 21, 8, 23, 82, 99, 94, 34, 9, 27, 62, 15, 11, 83, 28, 4, 1, 75, 8, 1, 18, 73, 7, 1, 74, 94, 15, 1, 51, 88, 6, 1, 84, 26, 68, 34, 39, 90, 3, 10, 56, 6, 75, 31, 18, 1, 89, 34, 14, 60, 1, 52, 13, 40, 11, 65, 35, 9, 72, 17, 93, 22, 79, 25, 42, 35, 13, 24, 85, 33, 80, 28, 67, 17, 38, 5, 8, 89, 61, 54, 31, 10, 93, 1, 18, 27, 2, 89, 33, 17, 2, 54, 4, 78, 38, 1, 62, 3, 69, 32, 1, 1, 51, 18, 17, 96, 4, 14, 94, 8, 13, 87, 15, 24, 91, 25, 22, 88, 63, 15, 27, 62, 98, 42, 13]
lt_mean_diff=0.018394328447709933
lt_mean_low=8599.5630877465
lt_mean_high=8759.233338854896
lt_stdev=1426.3592579306046
lt_stdev_low=1333.0851437769088
lt_stdev_high=1507.6066953965735
