chi2=0.91620730561792
e0=10420.76481551394
lt=8129.500891802449
e0u=0.2357084577616417
ltu=5.417741271127253
failedfit=[[0, 18], [0, 19], [0, 29], [0, 30], [0, 31], [1, 15], [1, 33], [1, 34], [2, 13], [2, 35], [2, 36], [3, 11], [3, 37], [3, 38], [4, 10], [4, 39], [5, 9], [5, 40], [6, 7], [6, 41], [7, 6], [7, 42], [8, 5], [8, 43], [9, 44], [10, 4], [10, 45], [11, 3], [11, 45], [11, 46], [12, 46], [13, 2], [13, 47], [14, 47], [15, 1], [15, 47], [15, 48], [16, 1], [16, 48], [17, 48], [18, 0], [19, 0], [19, 49], [20, 49], [21, 49], [22, 49], [23, 49], [24, 49], [25, 49], [26, 49], [27, 49], [28, 49], [29, 49], [30, 0], [30, 49], [31, 0], [32, 48], [33, 48], [34, 1], [35, 47], [36, 2], [37, 46], [38, 3], [38, 46], [39, 45], [40, 44], [41, 5], [41, 43], [41, 44], [42, 6], [42, 42], [43, 7], [43, 41], [44, 8], [44, 9], [44, 40], [45, 10], [45, 39], [46, 11], [46, 38], [47, 13], [47, 36], [48, 15], [48, 34], [49, 18], [49, 30], [49, 31]]
neventsinfailedbin=[35, 61, 89, 56, 13, 26, 55, 7, 50, 88, 20, 20, 43, 1, 17, 10, 28, 9, 7, 18, 5, 13, 2, 44, 51, 54, 15, 22, 78, 6, 52, 25, 3, 48, 19, 95, 3, 100, 17, 46, 13, 58, 18, 37, 33, 42, 72, 66, 15, 47, 49, 37, 26, 60, 3, 20, 100, 27, 11, 36, 53, 62, 22, 3, 5, 76, 8, 81, 2, 11, 59, 6, 29, 1, 32, 11, 21, 13, 32, 15, 60, 33, 42, 28, 45, 83, 21]
lt_mean_diff=0.04413108828294959
lt_mean_low=7984.341525232842
lt_mean_high=8344.787871583985
lt_stdev=1244.6525313275613
lt_stdev_low=1057.9627553141875
lt_stdev_high=1378.6970638532453
