chi2=0.9231466684069798
e0=10381.780525755854
lt=5685.058070832618
e0u=0.18479629739728928
ltu=2.963751867662321
failedfit=[[0, 18], [0, 31], [1, 15], [1, 33], [1, 34], [2, 13], [2, 36], [3, 11], [3, 37], [3, 38], [4, 10], [4, 39], [5, 8], [5, 9], [5, 40], [6, 7], [6, 41], [7, 6], [7, 42], [8, 5], [8, 43], [9, 44], [10, 45], [11, 3], [11, 46], [12, 46], [13, 2], [13, 47], [14, 47], [15, 1], [15, 48], [16, 48], [17, 48], [18, 0], [19, 49], [20, 49], [21, 49], [22, 49], [24, 49], [25, 49], [26, 49], [27, 49], [28, 49], [29, 49], [30, 49], [31, 0], [33, 48], [34, 1], [34, 48], [35, 47], [36, 2], [36, 47], [38, 3], [38, 46], [39, 45], [41, 5], [41, 44], [42, 6], [43, 7], [43, 41], [44, 8], [44, 9], [44, 40], [45, 10], [45, 39], [46, 11], [46, 38], [47, 36], [48, 15], [48, 34], [49, 18], [49, 31]]
neventsinfailedbin=[65, 24, 76, 92, 21, 93, 24, 31, 77, 1, 16, 7, 1, 35, 17, 7, 18, 9, 23, 10, 64, 65, 9, 39, 4, 87, 63, 7, 77, 35, 4, 27, 90, 40, 17, 50, 45, 99, 85, 27, 70, 77, 57, 39, 4, 41, 54, 41, 2, 55, 81, 4, 39, 7, 5, 12, 1, 21, 10, 65, 1, 43, 33, 47, 26, 47, 30, 64, 67, 50, 82, 49]
lt_mean_diff=0.10469605830631659
lt_mean_low=5403.409034932301
lt_mean_high=6000.829477265975
lt_stdev=828.0515132102967
lt_stdev_low=570.0676166505234
lt_stdev_high=927.6627444333468
