chi2=0.9322918973656887
e0=10378.465848309408
lt=5606.491519918367
e0u=0.188537239662968
ltu=3.006943171888037
failedfit=[[0, 18], [0, 31], [1, 15], [1, 33], [1, 34], [2, 13], [2, 36], [3, 11], [3, 37], [3, 38], [4, 10], [4, 39], [5, 8], [5, 9], [5, 40], [6, 7], [6, 41], [7, 6], [7, 42], [8, 5], [8, 43], [9, 44], [10, 45], [11, 3], [11, 46], [12, 46], [13, 2], [13, 47], [14, 47], [15, 1], [15, 48], [16, 48], [17, 48], [18, 0], [18, 49], [19, 49], [20, 49], [21, 49], [22, 49], [23, 49], [24, 49], [25, 49], [26, 49], [27, 49], [28, 49], [29, 49], [30, 49], [31, 0], [33, 48], [34, 1], [34, 48], [35, 47], [36, 2], [36, 47], [38, 3], [38, 46], [39, 45], [41, 5], [42, 6], [43, 7], [43, 41], [44, 9], [44, 40], [45, 10], [45, 39], [46, 11], [46, 38], [47, 13], [47, 36], [48, 15], [48, 34], [49, 18], [49, 31]]
neventsinfailedbin=[62, 25, 60, 84, 18, 84, 33, 25, 75, 4, 16, 7, 1, 71, 12, 9, 24, 4, 13, 7, 47, 66, 14, 22, 1, 59, 63, 4, 54, 37, 4, 25, 93, 28, 1, 12, 42, 41, 69, 97, 81, 19, 54, 67, 64, 43, 2, 32, 46, 36, 1, 50, 81, 2, 37, 5, 8, 16, 10, 6, 49, 44, 12, 34, 14, 38, 15, 78, 57, 55, 54, 93, 56]
lt_mean_diff=0.06730816536810937
lt_mean_low=5433.179259791534
lt_mean_high=5811.794326481756
lt_stdev=765.9772657217054
lt_stdev_low=593.0225946171607
lt_stdev_high=862.9503610912451
