chi2=0.9225172083129634
e0=10401.593332091808
lt=5831.206519445856
e0u=0.2010518087145728
ltu=3.318139299754977
failedfit=[[0, 18], [0, 30], [0, 31], [1, 15], [1, 33], [1, 34], [2, 13], [2, 36], [3, 11], [3, 37], [3, 38], [4, 10], [4, 39], [5, 9], [5, 40], [6, 7], [6, 41], [7, 6], [7, 42], [8, 5], [8, 43], [9, 44], [10, 4], [10, 45], [11, 3], [11, 46], [12, 46], [13, 2], [13, 47], [14, 47], [15, 1], [15, 48], [16, 48], [17, 48], [18, 0], [19, 0], [19, 49], [20, 49], [21, 49], [22, 49], [23, 49], [24, 49], [25, 49], [26, 49], [27, 49], [28, 49], [29, 49], [30, 0], [30, 49], [31, 0], [33, 48], [34, 1], [35, 47], [36, 2], [36, 47], [37, 46], [38, 3], [38, 46], [39, 45], [41, 5], [42, 6], [42, 42], [43, 7], [43, 41], [44, 8], [44, 9], [44, 40], [45, 10], [45, 39], [46, 11], [46, 38], [47, 13], [47, 36], [48, 15], [48, 34], [49, 18], [49, 31]]
neventsinfailedbin=[58, 89, 30, 50, 71, 21, 74, 21, 29, 71, 3, 13, 1, 55, 11, 8, 23, 3, 17, 6, 42, 59, 91, 7, 24, 6, 58, 46, 8, 52, 16, 6, 18, 82, 24, 80, 8, 36, 31, 64, 90, 78, 22, 62, 71, 41, 34, 84, 2, 22, 42, 26, 41, 63, 4, 77, 34, 6, 4, 7, 10, 98, 8, 53, 1, 32, 19, 33, 18, 41, 23, 85, 64, 67, 52, 70, 51]
lt_mean_diff=0.09975254024359038
lt_mean_low=5555.364865483043
lt_mean_high=6139.041092975425
lt_stdev=803.8979874095577
lt_stdev_low=549.8604351221878
lt_stdev_high=901.5470524666694
