chi2=0.9231269672624138
e0=10362.490094160392
lt=5423.782944982152
e0u=0.1831712148739827
ltu=2.8592273911352675
failedfit=[[0, 18], [0, 31], [1, 15], [1, 33], [1, 34], [2, 13], [2, 36], [3, 11], [3, 37], [3, 38], [4, 10], [4, 39], [5, 9], [5, 40], [6, 7], [6, 41], [7, 6], [7, 42], [8, 5], [8, 43], [9, 44], [10, 45], [11, 3], [11, 46], [12, 46], [13, 2], [13, 47], [14, 47], [15, 1], [15, 48], [16, 48], [17, 48], [18, 0], [19, 49], [20, 49], [21, 49], [22, 49], [24, 49], [25, 49], [26, 49], [27, 49], [28, 49], [29, 49], [30, 49], [31, 0], [33, 48], [34, 1], [34, 48], [35, 47], [36, 2], [36, 47], [37, 46], [38, 3], [38, 46], [39, 45], [41, 5], [41, 44], [42, 6], [42, 43], [43, 7], [43, 41], [44, 8], [44, 9], [44, 40], [45, 10], [45, 39], [46, 11], [46, 38], [47, 13], [47, 36], [48, 15], [48, 34], [49, 18], [49, 31]]
neventsinfailedbin=[67, 23, 59, 79, 25, 81, 25, 27, 92, 6, 18, 7, 44, 12, 11, 29, 8, 19, 10, 66, 58, 12, 28, 5, 67, 50, 7, 66, 44, 3, 25, 83, 30, 12, 46, 39, 90, 75, 23, 69, 67, 55, 32, 2, 26, 41, 39, 1, 36, 79, 2, 90, 36, 7, 11, 8, 1, 11, 1, 9, 70, 1, 46, 25, 42, 14, 43, 25, 81, 77, 82, 51, 82, 32]
lt_mean_diff=0.0987072134242767
lt_mean_low=5171.030862954273
lt_mean_high=5708.332541573433
lt_stdev=764.648902516022
lt_stdev_low=517.078611534052
lt_stdev_high=866.610567866768
