chi2=0.9572733144987455
e0=10418.774624012742
lt=9155.599729879783
e0u=0.30159116913956835
ltu=7.709826761145993
failedfit=[[0, 18], [0, 19], [0, 20], [0, 21], [0, 22], [0, 23], [0, 24], [0, 25], [0, 28], [0, 29], [0, 30], [0, 31], [1, 15], [1, 16], [1, 32], [1, 33], [1, 34], [2, 13], [2, 14], [2, 35], [2, 36], [3, 11], [3, 12], [3, 37], [3, 38], [4, 10], [4, 11], [4, 38], [4, 39], [5, 9], [5, 39], [5, 40], [6, 7], [6, 8], [6, 40], [6, 41], [7, 6], [7, 7], [7, 41], [7, 42], [8, 6], [8, 42], [8, 43], [9, 5], [9, 44], [10, 4], [10, 44], [10, 45], [11, 3], [11, 45], [11, 46], [12, 3], [12, 46], [13, 2], [13, 46], [13, 47], [14, 2], [14, 47], [15, 1], [15, 47], [15, 48], [16, 1], [16, 48], [17, 1], [17, 48], [18, 0], [18, 48], [19, 0], [19, 49], [20, 0], [20, 49], [21, 0], [21, 49], [22, 0], [22, 49], [23, 0], [23, 49], [24, 0], [24, 49], [25, 49], [26, 0], [26, 49], [27, 0], [27, 49], [28, 0], [28, 49], [29, 0], [29, 49], [30, 0], [30, 49], [31, 0], [31, 48], [32, 1], [32, 48], [33, 1], [33, 48], [34, 1], [34, 47], [34, 48], [35, 2], [35, 47], [36, 2], [36, 46], [37, 3], [37, 46], [38, 3], [38, 45], [38, 46], [39, 4], [39, 45], [40, 5], [40, 44], [41, 6], [41, 43], [42, 6], [42, 7], [42, 42], [42, 43], [43, 7], [43, 8], [43, 40], [43, 41], [43, 42], [44, 9], [44, 39], [44, 40], [45, 10], [45, 38], [45, 39], [46, 11], [46, 37], [46, 38], [47, 13], [47, 14], [47, 35], [47, 36], [48, 15], [48, 16], [48, 32], [48, 33], [48, 34], [49, 18], [49, 19], [49, 20], [49, 28], [49, 29], [49, 30], [49, 31]]
neventsinfailedbin=[20, 41, 47, 86, 98, 93, 57, 84, 77, 46, 26, 9, 25, 63, 66, 30, 5, 18, 78, 36, 11, 12, 58, 26, 1, 6, 88, 64, 5, 14, 54, 3, 1, 62, 72, 16, 4, 40, 88, 2, 69, 75, 15, 55, 32, 31, 98, 7, 10, 52, 3, 94, 15, 19, 75, 1, 77, 21, 8, 53, 4, 47, 8, 99, 32, 8, 57, 28, 1, 48, 16, 83, 12, 79, 22, 90, 33, 76, 23, 3, 88, 24, 94, 19, 77, 27, 43, 16, 28, 2, 11, 68, 98, 42, 46, 15, 13, 82, 1, 73, 16, 15, 85, 95, 43, 15, 76, 5, 56, 1, 79, 55, 68, 45, 1, 50, 16, 1, 2, 40, 72, 10, 1, 18, 83, 6, 9, 78, 6, 11, 66, 6, 20, 92, 76, 17, 21, 80, 95, 61, 14, 18, 50, 91, 89, 89, 48, 11]
lt_mean_diff=0.04578941198010001
lt_mean_low=9014.420631443692
lt_mean_high=9436.95732455628
lt_stdev=1558.0912827029015
lt_stdev_low=1416.1760096175892
lt_stdev_high=1659.1942804189443
