chi2=0.9320045507921892
e0=10427.459119023384
lt=6002.855470154053
e0u=0.2179018634855208
ltu=3.7036873953740455
failedfit=[[0, 18], [0, 30], [0, 31], [1, 15], [1, 33], [1, 34], [2, 13], [2, 35], [2, 36], [3, 11], [3, 37], [3, 38], [4, 10], [4, 39], [5, 9], [5, 40], [6, 7], [6, 41], [7, 6], [7, 42], [8, 5], [8, 43], [9, 44], [10, 4], [10, 45], [11, 3], [11, 45], [11, 46], [12, 46], [13, 2], [13, 47], [14, 47], [15, 1], [15, 48], [16, 48], [17, 48], [18, 0], [19, 0], [19, 49], [20, 49], [21, 49], [22, 49], [23, 49], [24, 49], [25, 49], [26, 49], [27, 49], [28, 49], [29, 49], [30, 0], [30, 49], [31, 0], [33, 48], [34, 1], [34, 48], [35, 47], [36, 2], [36, 47], [37, 46], [38, 3], [38, 46], [39, 45], [41, 5], [41, 44], [42, 6], [42, 43], [43, 7], [43, 41], [44, 9], [44, 40], [45, 10], [45, 39], [46, 11], [46, 38], [47, 13], [47, 36], [48, 15], [48, 34], [49, 18], [49, 31]]
neventsinfailedbin=[49, 75, 14, 46, 59, 18, 76, 92, 19, 23, 61, 4, 16, 9, 38, 8, 5, 24, 8, 17, 7, 50, 33, 87, 11, 15, 98, 5, 48, 48, 9, 51, 21, 1, 24, 73, 24, 74, 8, 28, 30, 40, 88, 73, 24, 45, 53, 49, 40, 76, 3, 18, 26, 28, 1, 57, 54, 4, 81, 31, 6, 2, 9, 4, 5, 1, 6, 56, 37, 10, 31, 17, 34, 18, 67, 56, 60, 40, 55, 29]
lt_mean_diff=0.0979982986930269
lt_mean_low=5723.161421922422
lt_mean_high=6313.355773054205
lt_stdev=815.9244178810004
lt_stdev_low=553.9112183280881
lt_stdev_high=918.0536029833994
