chi2=0.9285305170636581
e0=10396.273359240919
lt=5719.156203833837
e0u=0.20241179378677437
ltu=3.27676704600855
failedfit=[[0, 18], [0, 30], [0, 31], [1, 15], [1, 33], [1, 34], [2, 13], [2, 36], [3, 11], [3, 37], [3, 38], [4, 10], [4, 39], [5, 9], [5, 40], [6, 7], [6, 41], [7, 6], [7, 42], [8, 5], [8, 43], [9, 44], [10, 4], [10, 45], [11, 3], [11, 46], [12, 46], [13, 2], [13, 47], [14, 47], [15, 1], [15, 48], [16, 48], [17, 48], [18, 0], [19, 0], [19, 49], [20, 49], [21, 49], [22, 49], [23, 49], [24, 49], [25, 49], [26, 49], [27, 49], [28, 49], [29, 49], [30, 49], [31, 0], [33, 48], [34, 1], [34, 48], [35, 47], [36, 2], [36, 47], [37, 46], [38, 3], [38, 46], [39, 45], [41, 5], [41, 44], [42, 6], [42, 42], [42, 43], [43, 7], [43, 41], [43, 42], [44, 9], [44, 40], [45, 10], [45, 39], [46, 11], [46, 38], [47, 13], [47, 36], [48, 15], [48, 34], [49, 18], [49, 31]]
neventsinfailedbin=[62, 92, 22, 53, 73, 19, 60, 27, 30, 78, 2, 20, 4, 52, 13, 8, 18, 7, 14, 10, 38, 48, 100, 12, 40, 8, 55, 46, 8, 50, 26, 3, 21, 78, 26, 93, 12, 33, 43, 76, 85, 72, 19, 59, 63, 53, 30, 4, 25, 35, 28, 1, 53, 61, 4, 90, 40, 7, 5, 5, 3, 8, 100, 2, 4, 52, 1, 32, 20, 25, 11, 34, 23, 72, 54, 64, 39, 75, 32]
lt_mean_diff=0.09358566780002772
lt_mean_low=5466.1347994517655
lt_mean_high=6003.176862282493
lt_stdev=794.3746213242229
lt_stdev_low=553.6670143934998
lt_stdev_high=896.7714586835649
