chi2=0.9554253038668753
e0=10372.05669265678
lt=5845.954330387352
e0u=0.16088219285412003
ltu=2.7194683009325327
failedfit=[[0, 18], [0, 31], [1, 15], [1, 34], [2, 36], [3, 11], [3, 38], [4, 10], [4, 39], [5, 8], [5, 9], [5, 40], [6, 7], [6, 41], [7, 6], [7, 42], [8, 5], [8, 43], [9, 44], [10, 45], [11, 3], [11, 46], [13, 2], [13, 47], [14, 47], [15, 1], [15, 48], [16, 48], [18, 0], [19, 49], [20, 49], [21, 49], [25, 49], [28, 49], [29, 49], [30, 49], [31, 0], [33, 48], [34, 1], [34, 48], [35, 47], [36, 47], [38, 3], [38, 46], [39, 45], [41, 5], [42, 6], [43, 7], [43, 41], [44, 9], [44, 40], [45, 10], [45, 39], [46, 11], [46, 38], [48, 34], [49, 31]]
neventsinfailedbin=[83, 45, 85, 37, 40, 49, 5, 17, 12, 4, 95, 21, 10, 52, 12, 21, 5, 76, 92, 12, 50, 9, 81, 10, 97, 49, 9, 31, 37, 22, 66, 63, 38, 86, 61, 9, 46, 67, 60, 1, 85, 9, 55, 13, 8, 14, 20, 15, 86, 77, 28, 48, 27, 55, 37, 70, 60]
lt_mean_diff=0.05978351355821263
lt_mean_low=5687.198645703899
lt_mean_high=6037.796258204297
lt_stdev=842.4458175499581
lt_stdev_low=735.6150576357702
lt_stdev_high=902.1123361830197
