chi2=0.9641391858050192
e0=10376.503487014426
lt=8949.696395682939
e0u=0.21090659279151577
ltu=5.354582262249603
failedfit=[[0, 18], [0, 19], [0, 30], [0, 31], [1, 15], [1, 33], [1, 34], [2, 13], [2, 35], [2, 36], [3, 11], [3, 37], [3, 38], [4, 10], [4, 39], [5, 9], [5, 40], [6, 7], [6, 41], [7, 6], [7, 42], [8, 5], [8, 43], [9, 44], [10, 4], [10, 45], [11, 3], [11, 46], [12, 46], [13, 2], [13, 47], [14, 47], [15, 1], [15, 48], [16, 48], [17, 48], [18, 0], [19, 0], [19, 49], [20, 49], [21, 49], [22, 49], [23, 49], [24, 49], [25, 49], [26, 49], [27, 49], [28, 49], [29, 49], [30, 0], [30, 49], [31, 0], [33, 48], [34, 1], [34, 48], [35, 47], [36, 2], [36, 47], [37, 46], [38, 3], [38, 46], [39, 45], [40, 44], [41, 5], [41, 44], [42, 6], [42, 42], [42, 43], [43, 7], [43, 41], [43, 42], [44, 9], [44, 40], [45, 10], [45, 39], [46, 11], [46, 38], [47, 13], [47, 36], [48, 15], [48, 34], [49, 18], [49, 31]]
neventsinfailedbin=[38, 97, 71, 24, 44, 71, 16, 47, 88, 19, 23, 55, 8, 11, 12, 37, 7, 9, 19, 4, 18, 6, 55, 65, 72, 11, 18, 9, 50, 36, 11, 47, 22, 6, 24, 70, 21, 78, 16, 35, 38, 72, 76, 52, 20, 38, 57, 50, 30, 85, 3, 18, 52, 29, 1, 37, 49, 3, 76, 21, 3, 8, 96, 4, 2, 7, 62, 2, 4, 35, 1, 34, 17, 23, 15, 27, 17, 46, 37, 43, 29, 40, 32]
lt_mean_diff=0.041933375026490936
lt_mean_low=8814.034271936333
lt_mean_high=9191.668012375738
lt_stdev=1600.6272926589543
lt_stdev_low=1403.9933502735028
lt_stdev_high=1750.9414024569628
