chi2=0.9304151602460378
e0=10423.363587086998
lt=8074.757753245587
e0u=0.235830804656262
ltu=5.427233294466779
failedfit=[[0, 18], [0, 19], [0, 30], [0, 31], [1, 15], [1, 33], [1, 34], [2, 13], [2, 35], [2, 36], [3, 11], [3, 37], [3, 38], [4, 10], [4, 39], [5, 9], [5, 40], [6, 7], [6, 41], [7, 6], [7, 42], [8, 5], [8, 43], [9, 44], [10, 4], [10, 45], [11, 3], [11, 45], [11, 46], [12, 46], [13, 2], [13, 47], [14, 47], [15, 1], [15, 47], [15, 48], [16, 1], [16, 48], [17, 48], [18, 0], [19, 0], [19, 49], [20, 49], [21, 49], [22, 49], [23, 49], [24, 49], [25, 49], [26, 49], [27, 49], [28, 49], [29, 49], [30, 0], [30, 49], [31, 0], [32, 48], [33, 48], [34, 1], [34, 48], [35, 47], [36, 2], [36, 47], [37, 46], [38, 3], [38, 46], [39, 45], [40, 44], [41, 5], [41, 43], [41, 44], [42, 6], [42, 42], [43, 7], [43, 41], [44, 9], [44, 40], [45, 10], [45, 39], [46, 11], [46, 38], [47, 13], [47, 36], [48, 15], [48, 34], [49, 18], [49, 30], [49, 31]]
neventsinfailedbin=[32, 73, 51, 14, 34, 54, 9, 56, 74, 18, 16, 69, 3, 15, 7, 49, 8, 10, 30, 1, 17, 4, 46, 58, 74, 9, 18, 92, 7, 42, 38, 9, 49, 16, 99, 1, 90, 18, 59, 25, 64, 6, 34, 29, 55, 60, 60, 24, 50, 51, 43, 31, 60, 2, 16, 75, 29, 19, 1, 37, 57, 4, 76, 32, 6, 5, 79, 5, 66, 2, 9, 48, 1, 37, 27, 14, 20, 15, 27, 15, 50, 45, 41, 37, 54, 87, 28]
lt_mean_diff=0.06775680794432323
lt_mean_low=7835.356418781833
lt_mean_high=8385.18956920849
lt_stdev=1244.5734084700725
lt_stdev_low=991.2946655890688
lt_stdev_high=1395.7912191378819
