chi2=0.9087871050522348
e0=10449.57295689649
lt=7948.302081694135
e0u=0.2317018182369673
ltu=5.268989442398991
failedfit=[[0, 18], [0, 19], [0, 29], [0, 30], [0, 31], [1, 15], [1, 33], [1, 34], [2, 13], [2, 35], [2, 36], [3, 11], [3, 37], [3, 38], [4, 10], [4, 39], [5, 8], [5, 9], [5, 40], [6, 7], [6, 41], [7, 6], [7, 42], [8, 5], [8, 43], [9, 44], [10, 4], [10, 45], [11, 3], [11, 45], [11, 46], [12, 46], [13, 2], [13, 47], [14, 47], [15, 1], [15, 48], [16, 1], [16, 48], [17, 48], [18, 0], [19, 0], [19, 49], [20, 49], [21, 49], [22, 49], [23, 49], [24, 49], [25, 49], [26, 49], [27, 49], [28, 49], [29, 49], [30, 0], [30, 49], [31, 0], [32, 48], [33, 1], [33, 48], [34, 1], [35, 47], [36, 2], [36, 47], [37, 46], [38, 3], [38, 46], [39, 45], [40, 44], [41, 5], [41, 43], [41, 44], [42, 6], [42, 42], [43, 7], [43, 41], [43, 42], [44, 9], [44, 40], [45, 10], [45, 39], [46, 11], [46, 38], [47, 13], [47, 36], [48, 15], [48, 34], [49, 18], [49, 30], [49, 31]]
neventsinfailedbin=[23, 94, 92, 55, 16, 38, 59, 14, 50, 82, 23, 17, 60, 2, 11, 9, 2, 47, 11, 3, 17, 11, 12, 3, 40, 40, 65, 5, 9, 95, 6, 40, 30, 11, 49, 17, 3, 95, 16, 52, 22, 55, 8, 27, 31, 53, 62, 77, 16, 52, 31, 38, 23, 70, 2, 20, 76, 93, 32, 27, 32, 48, 3, 68, 30, 4, 5, 85, 4, 83, 1, 11, 55, 4, 38, 1, 29, 10, 17, 13, 29, 15, 45, 55, 41, 26, 34, 89, 20]
lt_mean_diff=-0.04270854041642808
lt_mean_low=8154.1252052217205
lt_mean_high=7813.2693960191355
lt_stdev=1221.258987048288
lt_stdev_low=1258.5791103384506
lt_stdev_high=1159.5998507622098
