chi2=0.9662997784249474
e0=10434.77566639634
lt=6299.497630718361
e0u=0.21927726591660687
ltu=3.8975964154323957
failedfit=[[0, 18], [0, 30], [0, 31], [1, 15], [1, 33], [1, 34], [2, 13], [2, 35], [2, 36], [3, 11], [3, 37], [3, 38], [4, 10], [4, 39], [5, 8], [5, 9], [5, 40], [6, 7], [6, 41], [7, 6], [7, 42], [8, 5], [8, 43], [9, 44], [10, 4], [10, 45], [11, 3], [11, 46], [12, 46], [13, 2], [13, 47], [14, 47], [15, 1], [15, 48], [16, 48], [17, 48], [18, 0], [19, 0], [19, 49], [20, 49], [21, 49], [22, 49], [23, 49], [24, 49], [25, 49], [26, 49], [27, 49], [28, 49], [29, 49], [30, 0], [30, 49], [31, 0], [33, 48], [34, 1], [34, 48], [35, 47], [36, 2], [36, 47], [37, 46], [38, 3], [38, 46], [39, 45], [40, 44], [41, 5], [42, 6], [42, 42], [43, 7], [43, 41], [43, 42], [44, 8], [44, 9], [44, 40], [45, 10], [45, 39], [46, 11], [46, 38], [47, 13], [47, 36], [48, 15], [48, 34], [49, 18], [49, 31]]
neventsinfailedbin=[50, 94, 19, 52, 49, 7, 67, 98, 18, 26, 58, 2, 13, 5, 1, 36, 13, 13, 25, 4, 16, 6, 43, 56, 86, 8, 24, 7, 56, 45, 7, 53, 31, 3, 18, 56, 20, 88, 6, 30, 23, 47, 90, 61, 20, 57, 67, 52, 28, 87, 7, 22, 41, 33, 1, 42, 61, 2, 61, 26, 8, 10, 94, 7, 7, 77, 4, 49, 1, 1, 29, 14, 28, 19, 47, 20, 70, 58, 47, 39, 45, 34]
lt_mean_diff=0.07692421789790972
lt_mean_low=6073.175576644758
lt_mean_high=6559.326467854614
lt_stdev=843.4091388737412
lt_stdev_low=614.221670437605
lt_stdev_high=958.7496353243723
