chi2=0.9892875441800093
e0=10498.292983352656
lt=6429.279472698995
e0u=0.3134963181540767
ltu=5.6290969613734
failedfit=[[0, 18], [0, 19], [0, 20], [0, 28], [0, 29], [0, 30], [0, 31], [1, 15], [1, 16], [1, 32], [1, 33], [1, 34], [2, 13], [2, 35], [2, 36], [3, 11], [3, 12], [3, 37], [3, 38], [4, 10], [4, 38], [4, 39], [5, 9], [5, 10], [5, 39], [5, 40], [6, 7], [6, 8], [6, 40], [6, 41], [7, 6], [7, 7], [7, 41], [7, 42], [8, 5], [8, 43], [9, 5], [9, 44], [10, 4], [10, 45], [11, 3], [11, 45], [11, 46], [12, 3], [12, 46], [13, 2], [13, 47], [14, 47], [15, 1], [15, 47], [15, 48], [16, 1], [16, 48], [17, 48], [18, 0], [18, 48], [19, 0], [19, 49], [20, 0], [20, 49], [21, 0], [21, 49], [22, 0], [22, 49], [23, 49], [24, 49], [25, 49], [26, 49], [27, 49], [28, 0], [28, 49], [29, 0], [29, 49], [30, 0], [30, 49], [31, 0], [31, 48], [32, 48], [33, 1], [33, 48], [34, 1], [34, 47], [35, 47], [36, 2], [36, 47], [37, 46], [38, 3], [38, 45], [38, 46], [39, 4], [39, 45], [40, 44], [41, 5], [41, 43], [42, 6], [42, 7], [42, 42], [43, 7], [43, 8], [43, 41], [43, 42], [44, 9], [44, 39], [44, 40], [44, 41], [45, 10], [45, 38], [45, 39], [46, 11], [46, 37], [46, 38], [47, 13], [47, 36], [48, 15], [48, 16], [48, 33], [48, 34], [49, 18], [49, 19], [49, 29], [49, 30], [49, 31]]
neventsinfailedbin=[25, 43, 73, 86, 48, 26, 8, 30, 78, 80, 33, 4, 24, 45, 11, 6, 87, 30, 1, 4, 59, 2, 17, 96, 59, 3, 2, 98, 67, 14, 2, 82, 100, 4, 2, 18, 79, 23, 31, 4, 6, 74, 2, 79, 19, 18, 1, 28, 11, 62, 2, 56, 11, 31, 7, 61, 43, 6, 59, 18, 95, 11, 99, 26, 36, 32, 9, 24, 18, 95, 29, 57, 10, 31, 3, 13, 71, 59, 65, 14, 13, 77, 23, 26, 1, 39, 19, 83, 4, 55, 1, 50, 9, 72, 4, 98, 44, 1, 46, 24, 1, 13, 92, 18, 1, 16, 98, 10, 9, 80, 12, 29, 27, 28, 88, 64, 12, 26, 68, 92, 67, 18]
lt_mean_diff=0.0890734742732585
lt_mean_low=6160.957303767521
lt_mean_high=6735.722622341327
lt_stdev=861.1839126537812
lt_stdev_low=637.482093433081
lt_stdev_high=950.8851450483614
