chi2=1.026470512520657
e0=10543.373326467383
lt=9299.0805234176
e0u=0.37516573346865356
ltu=9.64231149018795
failedfit=[[0, 18], [0, 19], [0, 20], [0, 21], [0, 22], [0, 23], [0, 24], [0, 25], [0, 26], [0, 27], [0, 28], [0, 29], [0, 30], [0, 31], [1, 15], [1, 16], [1, 17], [1, 18], [1, 29], [1, 31], [1, 32], [1, 33], [1, 34], [2, 13], [2, 14], [2, 15], [2, 16], [2, 33], [2, 34], [2, 35], [2, 36], [3, 11], [3, 12], [3, 13], [3, 36], [3, 37], [3, 38], [4, 10], [4, 11], [4, 37], [4, 38], [4, 39], [5, 8], [5, 9], [5, 10], [5, 39], [5, 40], [6, 7], [6, 8], [6, 9], [6, 39], [6, 40], [6, 41], [7, 6], [7, 7], [7, 8], [7, 40], [7, 41], [7, 42], [8, 6], [8, 7], [8, 41], [8, 42], [8, 43], [9, 5], [9, 6], [9, 43], [9, 44], [10, 4], [10, 5], [10, 44], [11, 3], [11, 4], [11, 44], [11, 45], [11, 46], [12, 3], [12, 45], [12, 46], [13, 2], [13, 3], [13, 46], [13, 47], [14, 2], [14, 46], [14, 47], [15, 1], [15, 2], [15, 46], [15, 47], [15, 48], [16, 1], [16, 47], [16, 48], [17, 1], [17, 47], [17, 48], [18, 0], [18, 1], [18, 48], [19, 0], [19, 1], [19, 48], [19, 49], [20, 0], [20, 1], [20, 48], [20, 49], [21, 0], [21, 1], [21, 49], [22, 0], [22, 49], [23, 0], [23, 49], [24, 0], [24, 49], [25, 0], [25, 49], [26, 0], [26, 49], [27, 0], [27, 49], [28, 0], [28, 35], [28, 49], [29, 0], [29, 1], [29, 48], [29, 49], [30, 0], [30, 48], [31, 0], [31, 1], [31, 48], [32, 1], [32, 48], [33, 1], [33, 47], [33, 48], [34, 1], [34, 2], [34, 47], [35, 2], [35, 47], [36, 2], [36, 3], [36, 46], [37, 3], [37, 45], [37, 46], [38, 3], [38, 4], [38, 35], [38, 36], [38, 45], [38, 46], [39, 4], [39, 35], [39, 36], [39, 37], [39, 44], [40, 5], [40, 6], [40, 43], [40, 44], [41, 5], [41, 6], [41, 7], [41, 42], [41, 43], [42, 7], [42, 41], [42, 42], [43, 8], [43, 9], [43, 40], [43, 41], [44, 9], [44, 10], [44, 39], [44, 40], [45, 10], [45, 11], [45, 38], [45, 39], [46, 11], [46, 12], [46, 13], [46, 36], [46, 37], [46, 38], [47, 13], [47, 14], [47, 15], [47, 34], [47, 35], [47, 36], [48, 15], [48, 16], [48, 17], [48, 18], [48, 30], [48, 31], [48, 32], [48, 33], [48, 34], [49, 18], [49, 19], [49, 20], [49, 21], [49, 22], [49, 23], [49, 24], [49, 25], [49, 26], [49, 27], [49, 28], [49, 29], [49, 30], [49, 31]]
neventsinfailedbin=[8, 23, 31, 53, 59, 55, 35, 54, 75, 67, 50, 35, 27, 4, 15, 48, 53, 80, 96, 80, 30, 21, 5, 17, 36, 72, 91, 98, 67, 29, 5, 6, 32, 94, 67, 16, 3, 1, 35, 84, 47, 4, 1, 6, 60, 50, 2, 1, 33, 89, 90, 46, 6, 2, 28, 77, 84, 41, 4, 30, 68, 88, 49, 14, 26, 85, 43, 15, 18, 88, 52, 4, 63, 89, 24, 2, 28, 77, 13, 8, 81, 54, 4, 44, 64, 11, 6, 81, 90, 31, 1, 31, 69, 5, 70, 91, 20, 6, 85, 26, 11, 77, 55, 1, 37, 95, 74, 10, 30, 83, 13, 43, 14, 60, 22, 54, 15, 45, 1, 51, 11, 54, 16, 44, 100, 19, 43, 97, 99, 4, 26, 60, 5, 80, 36, 43, 34, 30, 74, 8, 2, 84, 66, 55, 11, 15, 98, 72, 52, 74, 20, 8, 85, 85, 90, 47, 2, 24, 89, 67, 92, 61, 47, 100, 77, 33, 1, 43, 70, 97, 23, 25, 57, 21, 28, 91, 62, 12, 12, 63, 51, 1, 8, 65, 62, 6, 3, 62, 92, 95, 43, 5, 11, 50, 88, 90, 35, 13, 6, 29, 85, 89, 81, 92, 58, 18, 8, 11, 19, 41, 50, 80, 82, 81, 51, 81, 65, 52, 42, 22, 10]
lt_mean_diff=0.04736147535808249
lt_mean_low=9128.881868982942
lt_mean_high=9571.857380505055
lt_stdev=1547.6004908740836
lt_stdev_low=1446.969087207339
lt_stdev_high=1610.03826085496
