chi2=0.9156932481647979
e0=10477.079295694166
lt=8336.711007693779
e0u=0.25765078791516705
ltu=6.116502170902867
failedfit=[[0, 18], [0, 19], [0, 20], [0, 29], [0, 30], [0, 31], [1, 15], [1, 32], [1, 33], [1, 34], [2, 13], [2, 35], [2, 36], [3, 11], [3, 37], [3, 38], [4, 10], [4, 39], [5, 9], [5, 39], [5, 40], [6, 7], [6, 41], [7, 6], [7, 42], [8, 5], [8, 43], [9, 44], [10, 4], [10, 45], [11, 3], [11, 45], [11, 46], [12, 46], [13, 2], [13, 47], [14, 47], [15, 1], [15, 47], [15, 48], [16, 1], [16, 48], [17, 48], [18, 0], [18, 48], [19, 0], [19, 49], [20, 0], [20, 49], [21, 49], [22, 49], [23, 49], [24, 49], [25, 49], [26, 49], [27, 49], [28, 49], [29, 0], [29, 49], [30, 0], [30, 49], [31, 0], [32, 48], [33, 1], [33, 48], [34, 1], [35, 47], [36, 2], [36, 47], [37, 46], [38, 3], [38, 46], [39, 4], [39, 45], [40, 44], [41, 5], [41, 43], [41, 44], [42, 6], [42, 42], [43, 7], [43, 8], [43, 41], [44, 9], [44, 40], [45, 10], [45, 39], [46, 11], [46, 38], [47, 13], [47, 36], [48, 15], [48, 33], [48, 34], [49, 18], [49, 30], [49, 31]]
neventsinfailedbin=[25, 72, 70, 78, 53, 10, 30, 94, 38, 14, 36, 51, 13, 18, 51, 6, 6, 3, 28, 95, 10, 6, 10, 6, 14, 5, 43, 30, 63, 7, 8, 75, 8, 27, 36, 3, 29, 18, 83, 1, 89, 17, 54, 18, 98, 43, 4, 94, 24, 19, 47, 58, 46, 5, 32, 40, 21, 97, 22, 53, 3, 18, 90, 79, 27, 15, 31, 41, 3, 44, 17, 4, 83, 4, 62, 8, 55, 2, 3, 45, 5, 93, 34, 30, 12, 19, 13, 15, 11, 37, 42, 28, 84, 20, 25, 61, 23]
lt_mean_diff=0.0643502419195025
lt_mean_low=8101.597925475596
lt_mean_high=8640.557182425446
lt_stdev=1269.27226265922
lt_stdev_low=1066.2094571853868
lt_stdev_high=1388.3112651279653
