chi2=0.9562505533643466
e0=10047.211169580432
lt=7489.697759077589
e0u=0.2878327341762433
ltu=6.190379156637301
failedfit=[[0, 18], [0, 19], [0, 28], [0, 29], [0, 30], [0, 31], [1, 15], [1, 33], [1, 34], [2, 13], [2, 35], [2, 36], [3, 11], [3, 37], [3, 38], [4, 10], [4, 39], [5, 8], [5, 9], [5, 40], [6, 8], [6, 41], [7, 6], [7, 42], [8, 5], [8, 43], [9, 5], [9, 44], [10, 4], [10, 45], [11, 3], [11, 45], [11, 46], [12, 46], [13, 2], [13, 46], [13, 47], [14, 47], [15, 1], [15, 47], [15, 48], [16, 1], [16, 48], [17, 48], [18, 0], [18, 48], [19, 0], [19, 49], [20, 0], [20, 49], [21, 49], [22, 49], [23, 49], [24, 49], [25, 49], [26, 49], [27, 49], [28, 49], [29, 0], [29, 49], [30, 0], [31, 0], [31, 48], [32, 48], [33, 1], [33, 48], [34, 1], [34, 47], [34, 48], [35, 47], [36, 2], [37, 46], [38, 3], [38, 45], [38, 46], [39, 4], [39, 45], [40, 44], [41, 5], [41, 43], [41, 44], [42, 6], [42, 42], [43, 7], [43, 8], [43, 41], [44, 9], [44, 40], [45, 10], [45, 39], [46, 11], [46, 37], [46, 38], [47, 13], [47, 36], [48, 15], [48, 16], [48, 33], [48, 34], [49, 18], [49, 19], [49, 30], [49, 31]]
neventsinfailedbin=[33, 63, 97, 67, 41, 15, 26, 40, 9, 42, 59, 14, 16, 57, 4, 8, 10, 1, 23, 7, 96, 19, 2, 13, 1, 18, 94, 35, 51, 9, 14, 52, 2, 14, 33, 84, 3, 27, 10, 80, 2, 75, 12, 40, 12, 61, 42, 6, 84, 7, 18, 22, 43, 33, 14, 22, 16, 26, 85, 16, 51, 14, 68, 54, 70, 11, 18, 79, 1, 19, 34, 39, 15, 87, 3, 86, 2, 46, 4, 56, 1, 9, 36, 7, 66, 20, 20, 6, 11, 7, 12, 85, 6, 32, 21, 28, 94, 74, 15, 30, 67, 64, 13]
lt_mean_diff=0.0047720814287185226
lt_mean_low=7509.768260837487
lt_mean_high=7545.692629141079
lt_stdev=992.9241526206778
lt_stdev_low=901.611712422189
lt_stdev_high=1073.5912443195075
