chi2=0.9737746095353682
e0=10496.561675075922
lt=6397.913885552542
e0u=0.32562434273656243
ltu=5.8330074568279375
failedfit=[[0, 18], [0, 19], [0, 20], [0, 21], [0, 28], [0, 29], [0, 30], [0, 31], [1, 15], [1, 16], [1, 32], [1, 33], [1, 34], [2, 13], [2, 14], [2, 35], [2, 36], [3, 11], [3, 12], [3, 37], [3, 38], [4, 10], [4, 38], [4, 39], [5, 8], [5, 9], [5, 39], [5, 40], [6, 7], [6, 8], [6, 40], [6, 41], [7, 6], [7, 7], [7, 42], [8, 5], [8, 6], [8, 43], [9, 5], [9, 43], [9, 44], [10, 4], [10, 44], [10, 45], [11, 3], [11, 45], [11, 46], [12, 3], [12, 46], [13, 2], [13, 46], [13, 47], [14, 2], [14, 47], [15, 1], [15, 47], [16, 1], [16, 48], [17, 48], [18, 0], [18, 48], [19, 0], [19, 48], [19, 49], [20, 0], [20, 49], [21, 0], [21, 49], [22, 0], [22, 49], [23, 49], [24, 49], [25, 49], [26, 49], [27, 49], [28, 0], [28, 49], [29, 0], [29, 49], [30, 0], [30, 48], [30, 49], [31, 0], [31, 48], [32, 48], [33, 1], [33, 48], [34, 1], [34, 47], [35, 2], [35, 47], [36, 2], [36, 47], [37, 3], [37, 46], [38, 3], [38, 45], [38, 46], [39, 4], [39, 45], [40, 5], [40, 44], [41, 5], [41, 43], [42, 6], [42, 7], [42, 42], [43, 7], [43, 8], [43, 41], [44, 9], [44, 39], [44, 40], [45, 10], [45, 39], [46, 11], [46, 38], [47, 13], [47, 35], [47, 36], [48, 15], [48, 16], [48, 33], [48, 34], [49, 18], [49, 19], [49, 28], [49, 29], [49, 30], [49, 31]]
neventsinfailedbin=[25, 41, 62, 96, 73, 36, 27, 7, 28, 90, 78, 20, 4, 40, 93, 41, 8, 5, 90, 24, 1, 3, 65, 1, 1, 14, 58, 4, 6, 78, 88, 7, 2, 82, 7, 1, 73, 9, 84, 93, 9, 39, 85, 7, 12, 34, 8, 72, 27, 20, 88, 3, 87, 23, 16, 61, 49, 7, 23, 7, 57, 35, 100, 2, 79, 14, 74, 11, 98, 29, 30, 32, 8, 25, 24, 90, 15, 61, 14, 31, 93, 1, 8, 55, 58, 49, 22, 15, 72, 87, 12, 28, 4, 98, 32, 10, 83, 7, 72, 4, 91, 35, 2, 29, 4, 90, 27, 3, 53, 10, 18, 89, 11, 15, 9, 20, 7, 35, 96, 26, 14, 80, 56, 11, 24, 64, 98, 73, 55, 17]
lt_mean_diff=0.09223574688861277
lt_mean_low=6116.349404233645
lt_mean_high=6708.17780043745
lt_stdev=872.9477913699029
lt_stdev_low=668.5687789413919
lt_stdev_high=946.3673837601398
