chi2=0.9521525457937979
e0=10447.293954505178
lt=8130.728873752616
e0u=0.23360611914469495
ltu=5.398784828454857
failedfit=[[0, 18], [0, 19], [0, 30], [0, 31], [1, 15], [1, 33], [1, 34], [2, 13], [2, 35], [2, 36], [3, 11], [3, 37], [3, 38], [4, 10], [4, 39], [5, 8], [5, 9], [5, 40], [6, 7], [6, 41], [7, 6], [7, 42], [8, 5], [8, 43], [9, 44], [10, 4], [10, 45], [11, 3], [11, 46], [12, 46], [13, 2], [13, 47], [14, 47], [15, 1], [15, 47], [15, 48], [16, 1], [16, 48], [17, 48], [18, 0], [19, 0], [19, 49], [20, 49], [21, 49], [22, 49], [23, 49], [24, 49], [25, 49], [26, 49], [27, 49], [28, 49], [29, 49], [30, 0], [30, 49], [31, 0], [32, 48], [33, 1], [33, 48], [34, 1], [34, 48], [35, 47], [36, 2], [37, 46], [38, 3], [38, 46], [39, 45], [40, 44], [41, 5], [41, 43], [41, 44], [42, 6], [42, 42], [43, 7], [43, 41], [44, 9], [44, 40], [45, 10], [45, 39], [46, 11], [46, 38], [47, 13], [47, 36], [48, 15], [48, 34], [49, 18], [49, 30], [49, 31]]
neventsinfailedbin=[31, 86, 66, 19, 31, 73, 17, 41, 92, 15, 14, 47, 3, 9, 10, 1, 38, 9, 4, 27, 8, 11, 2, 25, 48, 74, 14, 11, 6, 53, 25, 5, 55, 12, 93, 5, 92, 28, 67, 16, 62, 8, 35, 30, 48, 69, 62, 15, 48, 48, 46, 21, 71, 2, 19, 94, 96, 36, 23, 1, 26, 51, 62, 16, 11, 2, 83, 10, 72, 1, 8, 44, 3, 30, 25, 14, 21, 15, 21, 12, 54, 43, 42, 21, 41, 100, 24]
lt_mean_diff=0.06777008498680649
lt_mean_low=7887.887067029457
lt_mean_high=8441.498792055854
lt_stdev=1258.494364849696
lt_stdev_low=1011.8644893824437
lt_stdev_high=1405.643642616764
