chi2=1.0805931620949527
e0=10200.900310035155
lt=8631.302479603319
e0u=0.30976162138476604
ltu=7.497854024444923
failedfit=[[0, 18], [0, 19], [0, 20], [0, 24], [0, 28], [0, 29], [0, 30], [0, 31], [1, 15], [1, 16], [1, 32], [1, 33], [1, 34], [2, 13], [2, 14], [2, 35], [2, 36], [3, 11], [3, 12], [3, 37], [3, 38], [4, 10], [4, 11], [4, 38], [4, 39], [5, 9], [5, 10], [5, 39], [5, 40], [6, 8], [6, 40], [6, 41], [7, 7], [7, 41], [7, 42], [8, 5], [8, 6], [8, 42], [8, 43], [9, 5], [9, 44], [10, 4], [10, 44], [10, 45], [11, 3], [11, 45], [11, 46], [12, 3], [12, 46], [13, 2], [13, 46], [13, 47], [14, 2], [14, 47], [15, 1], [15, 47], [16, 1], [16, 47], [16, 48], [17, 48], [18, 0], [18, 48], [19, 0], [19, 49], [20, 0], [20, 49], [21, 0], [21, 49], [22, 0], [22, 49], [23, 0], [23, 49], [24, 0], [24, 49], [25, 0], [25, 49], [26, 0], [26, 49], [27, 0], [27, 49], [28, 0], [28, 49], [29, 0], [29, 49], [30, 0], [30, 49], [31, 0], [31, 48], [32, 1], [32, 48], [33, 1], [33, 48], [34, 1], [34, 47], [35, 2], [35, 47], [36, 2], [36, 46], [36, 47], [37, 3], [37, 46], [38, 3], [38, 45], [38, 46], [39, 4], [39, 44], [39, 45], [40, 5], [40, 43], [40, 44], [41, 5], [41, 6], [41, 43], [41, 44], [42, 6], [42, 7], [42, 41], [42, 42], [43, 7], [43, 8], [43, 40], [43, 41], [44, 9], [44, 10], [44, 39], [44, 40], [45, 10], [45, 11], [45, 38], [45, 39], [46, 11], [46, 12], [46, 37], [46, 38], [47, 13], [47, 14], [47, 35], [47, 36], [48, 15], [48, 16], [48, 33], [48, 34], [49, 18], [49, 19], [49, 20], [49, 21], [49, 24], [49, 25], [49, 28], [49, 29], [49, 30], [49, 31]]
neventsinfailedbin=[27, 46, 54, 80, 78, 42, 36, 7, 15, 71, 68, 33, 9, 27, 83, 54, 11, 9, 81, 18, 4, 5, 86, 68, 2, 15, 82, 79, 10, 49, 69, 22, 46, 85, 7, 3, 68, 85, 13, 54, 25, 33, 98, 8, 6, 66, 1, 60, 23, 21, 74, 5, 87, 25, 7, 52, 48, 96, 16, 34, 19, 53, 28, 3, 46, 19, 76, 18, 55, 25, 67, 30, 69, 16, 83, 4, 73, 25, 69, 25, 73, 11, 48, 10, 22, 2, 7, 73, 71, 42, 44, 13, 15, 76, 85, 15, 19, 82, 2, 75, 32, 10, 65, 3, 55, 78, 2, 67, 99, 38, 3, 57, 42, 2, 1, 46, 78, 19, 2, 28, 81, 9, 7, 80, 54, 3, 7, 100, 82, 5, 10, 84, 59, 6, 18, 70, 59, 14, 12, 51, 43, 13, 10, 45, 66, 100, 73, 92, 70, 74, 39, 9]
lt_mean_diff=0.029977630532812893
lt_mean_low=8567.693443811471
lt_mean_high=8828.481143512017
lt_stdev=1552.0438342251127
lt_stdev_low=1436.1036951187004
lt_stdev_high=1647.6249336314277
