chi2=0.9619054526131814
e0=9645.915094780665
lt=6590.818181964709
e0u=0.3225654981428556
ltu=5.871371781165478
failedfit=[[0, 18], [0, 19], [0, 20], [0, 28], [0, 29], [0, 30], [0, 31], [1, 15], [1, 16], [1, 33], [1, 34], [2, 13], [2, 35], [2, 36], [3, 11], [3, 37], [3, 38], [4, 10], [4, 38], [4, 39], [5, 8], [5, 9], [5, 39], [5, 40], [6, 7], [6, 8], [6, 40], [6, 41], [7, 6], [7, 7], [7, 42], [8, 5], [8, 43], [9, 5], [9, 44], [10, 4], [10, 44], [10, 45], [11, 3], [11, 45], [11, 46], [12, 46], [13, 2], [13, 46], [13, 47], [14, 47], [15, 1], [15, 47], [15, 48], [16, 1], [16, 48], [17, 48], [18, 0], [18, 48], [18, 49], [19, 0], [19, 49], [20, 0], [20, 49], [21, 49], [22, 49], [23, 49], [24, 49], [25, 49], [26, 49], [27, 49], [28, 49], [29, 0], [29, 49], [30, 0], [30, 49], [31, 0], [31, 48], [31, 49], [32, 48], [33, 1], [33, 48], [34, 1], [34, 48], [35, 47], [36, 2], [36, 47], [37, 46], [38, 3], [38, 46], [39, 4], [39, 45], [40, 44], [41, 5], [41, 43], [41, 44], [42, 6], [42, 42], [42, 43], [43, 7], [43, 8], [43, 41], [44, 9], [44, 40], [45, 10], [45, 39], [46, 11], [46, 38], [47, 13], [47, 36], [48, 15], [48, 33], [48, 34], [49, 18], [49, 19], [49, 30], [49, 31]]
neventsinfailedbin=[23, 52, 58, 71, 26, 31, 1, 16, 97, 39, 6, 39, 59, 8, 12, 29, 3, 6, 74, 4, 1, 17, 82, 5, 1, 87, 96, 15, 5, 99, 6, 3, 23, 93, 20, 42, 89, 4, 13, 65, 3, 35, 18, 94, 4, 36, 9, 74, 1, 77, 11, 40, 14, 96, 1, 34, 13, 94, 32, 32, 40, 62, 63, 26, 50, 42, 43, 75, 26, 44, 13, 11, 88, 1, 60, 58, 39, 20, 1, 23, 31, 4, 37, 21, 4, 78, 10, 56, 1, 70, 1, 6, 54, 2, 7, 61, 19, 18, 7, 18, 7, 19, 14, 33, 30, 28, 87, 27, 37, 72, 67, 22]
lt_mean_diff=0.048212277801559615
lt_mean_low=6448.767520004381
lt_mean_high=6767.484306650316
lt_stdev=912.5387688662561
lt_stdev_low=777.6558679549643
lt_stdev_high=1001.745313285066
