chi2=0.937497850309901
e0=10257.631971046825
lt=8317.659808733852
e0u=0.293641014802561
ltu=6.960303983880559
failedfit=[[0, 18], [0, 19], [0, 20], [0, 29], [0, 30], [0, 31], [1, 15], [1, 33], [1, 34], [2, 13], [2, 35], [2, 36], [3, 11], [3, 37], [3, 38], [4, 10], [4, 39], [5, 9], [5, 39], [5, 40], [6, 7], [6, 8], [6, 41], [7, 6], [7, 42], [8, 5], [8, 43], [9, 44], [10, 4], [10, 45], [11, 3], [11, 45], [11, 46], [12, 3], [12, 46], [13, 2], [13, 47], [14, 47], [15, 1], [15, 47], [15, 48], [16, 1], [16, 48], [17, 48], [18, 0], [18, 48], [18, 49], [19, 0], [19, 49], [20, 0], [20, 49], [21, 49], [22, 49], [23, 49], [24, 49], [25, 49], [26, 49], [27, 49], [28, 49], [29, 0], [29, 49], [30, 0], [30, 49], [31, 0], [31, 48], [32, 48], [33, 1], [33, 48], [34, 1], [34, 47], [34, 48], [35, 47], [36, 2], [36, 47], [37, 46], [38, 3], [38, 45], [38, 46], [39, 4], [39, 45], [40, 44], [41, 5], [41, 43], [42, 6], [42, 42], [43, 7], [43, 8], [43, 41], [44, 9], [44, 39], [44, 40], [45, 10], [45, 39], [46, 11], [46, 37], [46, 38], [47, 13], [47, 36], [48, 15], [48, 16], [48, 33], [48, 34], [49, 18], [49, 19], [49, 29], [49, 30], [49, 31]]
neventsinfailedbin=[34, 63, 96, 75, 48, 19, 23, 56, 12, 43, 75, 19, 11, 45, 4, 7, 6, 30, 84, 9, 3, 100, 21, 6, 16, 4, 19, 40, 51, 9, 16, 77, 6, 100, 24, 23, 6, 32, 13, 80, 7, 71, 13, 42, 13, 83, 1, 41, 12, 76, 19, 31, 46, 59, 67, 31, 51, 49, 45, 67, 35, 53, 9, 15, 83, 67, 59, 26, 23, 93, 1, 23, 36, 4, 38, 10, 88, 8, 98, 5, 52, 4, 69, 14, 53, 3, 59, 24, 15, 84, 5, 19, 5, 18, 85, 11, 35, 25, 27, 86, 68, 23, 25, 66, 100, 57, 15]
lt_mean_diff=0.022786738805171076
lt_mean_low=8261.737467316923
lt_mean_high=8452.201679708569
lt_stdev=1215.1889152522176
lt_stdev_low=1065.2168020907532
lt_stdev_high=1337.7755785051916
