chi2=0.9347177697763981
e0=10392.02304440475
lt=9113.578985080112
e0u=0.21850071806125737
ltu=5.648673838372571
failedfit=[[0, 18], [0, 19], [0, 30], [0, 31], [1, 15], [1, 33], [1, 34], [2, 13], [2, 35], [2, 36], [3, 11], [3, 37], [3, 38], [4, 10], [4, 39], [5, 8], [5, 9], [5, 40], [6, 7], [6, 41], [7, 6], [7, 7], [7, 42], [8, 5], [8, 43], [9, 44], [10, 4], [10, 45], [11, 3], [11, 45], [11, 46], [12, 46], [13, 2], [13, 47], [14, 47], [15, 1], [15, 47], [15, 48], [16, 48], [17, 48], [18, 0], [19, 0], [19, 49], [20, 49], [21, 49], [22, 49], [23, 49], [24, 49], [25, 49], [26, 49], [27, 49], [28, 49], [29, 49], [30, 0], [30, 49], [31, 0], [32, 48], [33, 48], [34, 1], [34, 48], [35, 47], [36, 2], [36, 47], [37, 46], [38, 3], [38, 46], [39, 45], [40, 44], [41, 5], [41, 44], [42, 6], [42, 7], [42, 42], [43, 7], [43, 8], [43, 41], [44, 8], [44, 9], [44, 40], [44, 41], [45, 10], [45, 39], [46, 11], [46, 38], [47, 13], [47, 36], [48, 15], [48, 34], [49, 18], [49, 30], [49, 31]]
neventsinfailedbin=[32, 92, 57, 18, 31, 70, 13, 49, 96, 19, 14, 57, 2, 17, 8, 1, 44, 7, 3, 29, 4, 100, 16, 2, 38, 42, 64, 6, 15, 95, 5, 52, 34, 9, 37, 8, 99, 3, 26, 59, 26, 66, 12, 42, 25, 58, 62, 57, 14, 52, 54, 51, 29, 65, 1, 17, 100, 27, 20, 2, 31, 55, 1, 63, 29, 7, 5, 71, 3, 1, 6, 96, 49, 2, 89, 26, 3, 30, 13, 1, 23, 14, 27, 14, 43, 47, 37, 26, 28, 93, 33]
lt_mean_diff=0.044131287131704326
lt_mean_low=8964.978501133572
lt_mean_high=9369.677914723245
lt_stdev=1643.5798430288871
lt_stdev_low=1426.1917090633901
lt_stdev_high=1807.863926572149
