chi2=0.921959543908358
e0=10329.695589213596
lt=9092.090430017219
e0u=0.22456301570220905
ltu=5.7977195637294185
failedfit=[[0, 18], [0, 19], [0, 29], [0, 30], [0, 31], [1, 15], [1, 33], [1, 34], [2, 13], [2, 35], [2, 36], [3, 11], [3, 37], [3, 38], [4, 10], [4, 39], [5, 8], [5, 9], [5, 40], [6, 7], [6, 41], [7, 6], [7, 7], [7, 42], [8, 5], [8, 43], [9, 44], [10, 4], [10, 45], [11, 3], [11, 45], [11, 46], [12, 46], [13, 2], [13, 47], [14, 47], [15, 1], [15, 48], [16, 1], [16, 48], [17, 48], [18, 0], [19, 0], [19, 49], [20, 49], [21, 49], [22, 49], [23, 49], [24, 49], [25, 49], [26, 49], [27, 49], [28, 49], [29, 49], [30, 0], [30, 49], [31, 0], [33, 1], [33, 48], [34, 1], [35, 47], [36, 2], [36, 47], [37, 46], [38, 3], [38, 46], [39, 45], [40, 44], [41, 5], [41, 44], [42, 6], [42, 42], [42, 43], [43, 7], [43, 8], [43, 41], [44, 8], [44, 9], [44, 40], [45, 10], [45, 39], [46, 11], [46, 38], [47, 13], [47, 36], [48, 15], [48, 34], [49, 18], [49, 31]]
neventsinfailedbin=[44, 91, 67, 65, 12, 38, 58, 18, 51, 64, 18, 16, 48, 1, 14, 6, 4, 39, 5, 2, 24, 2, 82, 10, 8, 38, 49, 60, 9, 20, 92, 7, 32, 35, 9, 44, 14, 2, 83, 22, 50, 18, 55, 10, 35, 38, 54, 75, 39, 21, 44, 47, 44, 26, 64, 2, 13, 93, 39, 22, 32, 49, 3, 69, 23, 9, 4, 86, 7, 1, 7, 61, 1, 3, 81, 28, 1, 23, 19, 23, 16, 24, 13, 45, 39, 34, 28, 39, 31]
lt_mean_diff=0.03903440800185988
lt_mean_low=8966.002122648793
lt_mean_high=9323.046512030856
lt_stdev=1601.1700666543645
lt_stdev_low=1428.5277186820217
lt_stdev_high=1734.9617315037412
