chi2=0.9323639006497503
e0=10411.49895370776
lt=5443.865269600575
e0u=0.20805340251919036
ltu=3.20667036748138
failedfit=[[0, 18], [0, 30], [0, 31], [1, 15], [1, 33], [1, 34], [2, 13], [2, 36], [3, 11], [3, 37], [3, 38], [4, 10], [4, 39], [5, 8], [5, 9], [5, 40], [6, 7], [6, 41], [7, 6], [7, 42], [8, 5], [8, 43], [9, 44], [10, 45], [11, 3], [11, 46], [12, 46], [13, 2], [13, 47], [14, 47], [15, 1], [15, 48], [16, 48], [17, 48], [18, 0], [19, 0], [19, 49], [20, 49], [21, 49], [22, 49], [23, 49], [24, 49], [25, 49], [26, 49], [27, 49], [28, 49], [29, 49], [30, 0], [30, 49], [31, 0], [33, 48], [34, 1], [35, 47], [36, 2], [36, 47], [37, 46], [38, 3], [38, 46], [39, 45], [41, 5], [41, 44], [42, 6], [42, 42], [43, 7], [43, 41], [44, 8], [44, 9], [44, 40], [45, 10], [45, 39], [46, 11], [46, 38], [47, 13], [47, 36], [48, 15], [48, 34], [49, 18], [49, 31]]
neventsinfailedbin=[45, 84, 18, 44, 76, 16, 85, 16, 22, 57, 1, 14, 4, 1, 42, 10, 9, 25, 7, 13, 5, 29, 34, 8, 23, 5, 53, 56, 10, 56, 24, 3, 26, 65, 26, 77, 9, 31, 29, 69, 76, 61, 25, 43, 75, 54, 31, 90, 3, 35, 41, 23, 30, 74, 1, 100, 39, 10, 6, 5, 2, 13, 87, 6, 61, 1, 32, 16, 26, 18, 34, 15, 82, 53, 52, 39, 68, 37]
lt_mean_diff=0.10809716209893568
lt_mean_low=5161.575969568244
lt_mean_high=5751.891039343319
lt_stdev=752.6751676915087
lt_stdev_low=481.06599079124675
lt_stdev_high=848.7645301372313
