chi2=0.9451674577592537
e0=10400.235491703854
lt=8478.772945187955
e0u=0.3159846370582292
ltu=7.505930837315662
failedfit=[[0, 18], [0, 19], [0, 20], [0, 21], [0, 23], [0, 24], [0, 25], [0, 27], [0, 28], [0, 29], [0, 30], [0, 31], [1, 15], [1, 16], [1, 32], [1, 33], [1, 34], [2, 13], [2, 14], [2, 34], [2, 35], [2, 36], [3, 11], [3, 12], [3, 36], [3, 37], [4, 10], [4, 11], [4, 38], [4, 39], [5, 8], [5, 9], [5, 10], [5, 39], [5, 40], [6, 7], [6, 8], [6, 40], [6, 41], [7, 6], [7, 7], [7, 41], [7, 42], [8, 5], [8, 6], [8, 42], [8, 43], [9, 5], [9, 43], [9, 44], [10, 4], [10, 5], [10, 44], [10, 45], [11, 3], [11, 4], [11, 45], [11, 46], [12, 3], [12, 45], [12, 46], [13, 2], [13, 3], [13, 46], [13, 47], [14, 2], [14, 47], [15, 1], [15, 2], [15, 47], [16, 1], [16, 47], [16, 48], [17, 1], [17, 48], [18, 0], [18, 48], [19, 0], [19, 1], [19, 48], [19, 49], [20, 0], [20, 1], [20, 49], [21, 0], [21, 49], [22, 0], [22, 49], [23, 0], [23, 49], [24, 0], [24, 49], [25, 0], [25, 49], [26, 0], [26, 49], [27, 0], [27, 49], [28, 0], [28, 49], [29, 0], [29, 1], [29, 49], [30, 0], [30, 48], [31, 0], [31, 1], [31, 48], [32, 1], [32, 48], [33, 1], [33, 2], [33, 47], [33, 48], [34, 1], [34, 2], [34, 47], [35, 2], [35, 46], [35, 47], [36, 2], [36, 46], [37, 3], [37, 45], [37, 46], [38, 3], [38, 4], [38, 45], [39, 4], [39, 44], [39, 45], [40, 5], [40, 43], [40, 44], [41, 5], [41, 6], [41, 7], [41, 41], [41, 42], [41, 43], [42, 6], [42, 7], [42, 8], [42, 41], [42, 42], [43, 7], [43, 8], [43, 9], [43, 39], [43, 40], [43, 41], [44, 10], [44, 38], [44, 39], [44, 40], [45, 10], [45, 11], [45, 37], [45, 38], [45, 39], [46, 11], [46, 12], [46, 36], [46, 37], [46, 38], [47, 13], [47, 14], [47, 15], [47, 33], [47, 34], [47, 35], [47, 36], [48, 15], [48, 16], [48, 17], [48, 18], [48, 19], [48, 24], [48, 26], [48, 29], [48, 30], [48, 31], [48, 32], [48, 33], [48, 34], [49, 18], [49, 19], [49, 20], [49, 21], [49, 22], [49, 23], [49, 24], [49, 25], [49, 26], [49, 27], [49, 28], [49, 29], [49, 30], [49, 31]]
neventsinfailedbin=[13, 34, 49, 64, 80, 77, 83, 90, 75, 22, 25, 7, 11, 56, 62, 26, 8, 20, 74, 98, 36, 8, 8, 58, 94, 30, 6, 61, 61, 4, 1, 13, 61, 44, 1, 1, 40, 78, 10, 2, 37, 57, 7, 3, 53, 63, 18, 43, 95, 11, 29, 86, 82, 1, 8, 83, 31, 1, 47, 96, 15, 9, 84, 64, 1, 49, 19, 6, 90, 32, 33, 82, 13, 57, 17, 6, 46, 24, 83, 92, 3, 32, 92, 7, 43, 9, 48, 17, 44, 24, 47, 22, 58, 3, 69, 16, 70, 10, 43, 18, 34, 99, 9, 14, 76, 5, 77, 35, 58, 35, 26, 100, 78, 9, 5, 85, 47, 57, 100, 9, 14, 48, 42, 88, 26, 5, 90, 52, 27, 56, 1, 42, 89, 29, 1, 38, 83, 98, 78, 25, 3, 24, 81, 51, 10, 3, 22, 50, 99, 34, 9, 42, 87, 36, 5, 2, 75, 99, 45, 5, 9, 53, 71, 27, 4, 9, 37, 77, 80, 71, 51, 9, 11, 21, 78, 85, 90, 98, 100, 89, 73, 77, 60, 18, 6, 7, 31, 52, 60, 61, 65, 45, 52, 73, 57, 56, 49, 29, 6]
lt_mean_diff=0.014777459224815694
lt_mean_low=8479.470622273104
lt_mean_high=8605.7192159216
lt_stdev=1490.8020779658298
lt_stdev_low=1415.4813449157914
lt_stdev_high=1558.3744137529773
