chi2=1.0296717646396099
e0=10456.335502410879
lt=6156.06471857971
e0u=0.2937571698402425
ltu=5.077424342592626
failedfit=[[0, 18], [0, 19], [0, 20], [0, 28], [0, 29], [0, 30], [0, 31], [1, 15], [1, 32], [1, 33], [1, 34], [2, 13], [2, 35], [2, 36], [3, 11], [3, 12], [3, 37], [3, 38], [4, 10], [4, 38], [4, 39], [5, 9], [5, 39], [5, 40], [6, 7], [6, 41], [7, 6], [7, 42], [8, 5], [8, 43], [9, 44], [10, 4], [10, 45], [11, 3], [11, 45], [11, 46], [12, 46], [13, 2], [13, 47], [14, 2], [14, 47], [15, 1], [15, 47], [16, 1], [16, 48], [17, 48], [18, 0], [18, 48], [19, 0], [19, 49], [20, 0], [20, 49], [21, 49], [22, 49], [23, 49], [24, 49], [25, 49], [26, 49], [27, 49], [28, 0], [28, 49], [29, 0], [29, 49], [30, 0], [30, 49], [31, 0], [31, 48], [32, 48], [33, 1], [33, 48], [34, 1], [34, 48], [35, 47], [36, 2], [36, 47], [37, 46], [38, 3], [38, 46], [39, 4], [39, 45], [40, 44], [41, 5], [41, 43], [42, 6], [42, 42], [43, 7], [43, 8], [43, 41], [44, 9], [44, 40], [45, 10], [45, 39], [46, 11], [46, 37], [46, 38], [47, 13], [47, 36], [48, 15], [48, 33], [48, 34], [49, 18], [49, 19], [49, 30], [49, 31]]
neventsinfailedbin=[23, 63, 85, 93, 32, 28, 14, 12, 86, 38, 2, 39, 76, 15, 14, 100, 18, 2, 7, 76, 3, 27, 95, 8, 6, 18, 4, 12, 5, 28, 25, 46, 5, 10, 63, 2, 34, 27, 3, 94, 25, 8, 66, 55, 7, 32, 6, 80, 50, 5, 78, 12, 18, 40, 35, 44, 10, 22, 31, 95, 24, 83, 16, 49, 3, 5, 82, 54, 69, 16, 16, 1, 15, 29, 3, 45, 15, 3, 83, 3, 55, 3, 63, 7, 40, 3, 70, 28, 19, 5, 14, 12, 28, 98, 4, 39, 43, 27, 71, 15, 27, 96, 62, 16]
lt_mean_diff=0.09030818285367652
lt_mean_low=5890.742109914354
lt_mean_high=6448.306497247426
lt_stdev=829.5254380304392
lt_stdev_low=608.9011532166628
lt_stdev_high=917.8570362295967
