chi2=0.9455667847304033
e0=10377.338711063961
lt=5478.350673048706
e0u=0.19002969326291194
ltu=3.0115950945203194
failedfit=[[0, 18], [0, 31], [1, 15], [1, 33], [1, 34], [2, 13], [2, 36], [3, 11], [3, 37], [3, 38], [4, 10], [4, 39], [5, 9], [5, 40], [6, 7], [6, 41], [7, 6], [7, 42], [8, 5], [8, 43], [9, 44], [10, 45], [11, 3], [11, 46], [12, 46], [13, 2], [13, 47], [14, 47], [15, 1], [15, 48], [16, 48], [17, 48], [18, 0], [18, 49], [19, 0], [19, 49], [20, 49], [21, 49], [22, 49], [23, 49], [24, 49], [25, 49], [26, 49], [27, 49], [28, 49], [29, 49], [30, 49], [31, 0], [33, 48], [34, 1], [35, 47], [36, 2], [36, 47], [37, 46], [38, 3], [38, 46], [39, 45], [41, 5], [41, 44], [42, 6], [42, 42], [43, 7], [43, 41], [44, 8], [44, 9], [44, 40], [45, 10], [45, 39], [46, 11], [46, 38], [47, 13], [47, 36], [48, 15], [48, 34], [49, 18], [49, 31]]
neventsinfailedbin=[45, 27, 57, 74, 22, 87, 26, 30, 77, 1, 12, 5, 53, 6, 5, 31, 10, 24, 5, 47, 53, 13, 30, 7, 53, 74, 11, 56, 26, 3, 27, 88, 23, 1, 82, 14, 31, 41, 76, 84, 84, 30, 66, 65, 63, 34, 2, 20, 44, 24, 45, 79, 3, 98, 35, 9, 3, 9, 1, 11, 99, 6, 58, 1, 34, 14, 31, 22, 34, 24, 69, 59, 71, 28, 67, 44]
lt_mean_diff=0.05862549503548732
lt_mean_low=5333.066015237621
lt_mean_high=5655.300582143796
lt_stdev=734.1766390800075
lt_stdev_low=576.1161866699683
lt_stdev_high=830.1178199816644
