chi2=1.0275660468979364
e0=10183.138448519892
lt=8250.871001297517
e0u=0.18243692051447777
ltu=4.323959537189021
failedfit=[[0, 18], [0, 30], [0, 31], [1, 15], [1, 34], [2, 13], [2, 36], [3, 11], [3, 37], [3, 38], [4, 10], [4, 39], [5, 9], [5, 40], [6, 7], [6, 41], [7, 6], [7, 42], [8, 5], [8, 43], [9, 44], [10, 45], [11, 3], [11, 46], [12, 46], [13, 2], [13, 47], [14, 47], [15, 1], [15, 48], [16, 48], [17, 48], [18, 0], [19, 49], [20, 49], [21, 49], [24, 49], [25, 49], [26, 49], [27, 49], [28, 49], [29, 49], [30, 49], [31, 0], [33, 48], [34, 1], [35, 47], [36, 2], [36, 47], [37, 46], [38, 3], [38, 46], [39, 45], [41, 5], [41, 44], [42, 6], [42, 42], [43, 7], [43, 41], [44, 8], [44, 9], [44, 40], [45, 10], [45, 39], [46, 11], [46, 38], [47, 13], [47, 36], [48, 15], [48, 34], [49, 18], [49, 31]]
neventsinfailedbin=[57, 96, 22, 53, 24, 73, 30, 34, 99, 7, 18, 9, 52, 12, 9, 43, 10, 21, 5, 88, 71, 16, 22, 7, 73, 60, 9, 73, 20, 6, 37, 85, 44, 28, 44, 45, 93, 39, 84, 73, 72, 36, 1, 36, 45, 34, 47, 76, 1, 95, 43, 9, 7, 6, 1, 14, 99, 19, 55, 1, 50, 24, 33, 18, 50, 28, 98, 63, 66, 43, 73, 36]
lt_mean_diff=0.025599133574465548
lt_mean_low=8186.9657971406805
lt_mean_high=8399.300314319062
lt_stdev=1258.755766888198
lt_stdev_low=1060.1005781544359
lt_stdev_high=1417.867778993582
