chi2=0.9168470936686484
e0=10465.243261515832
lt=8254.9402167352
e0u=0.24273674056148153
ltu=5.67153776979191
failedfit=[[0, 18], [0, 19], [0, 29], [0, 30], [0, 31], [1, 15], [1, 33], [1, 34], [2, 13], [2, 35], [2, 36], [3, 11], [3, 37], [3, 38], [4, 10], [4, 39], [5, 8], [5, 9], [5, 40], [6, 7], [6, 41], [7, 6], [7, 42], [8, 5], [8, 43], [9, 44], [10, 4], [10, 45], [11, 3], [11, 45], [11, 46], [12, 46], [13, 2], [13, 47], [14, 47], [15, 1], [15, 47], [15, 48], [16, 1], [16, 48], [17, 48], [18, 0], [19, 0], [19, 49], [20, 49], [21, 49], [22, 49], [23, 49], [24, 49], [25, 49], [26, 49], [27, 49], [28, 49], [29, 49], [30, 0], [30, 49], [31, 0], [32, 48], [33, 1], [33, 48], [34, 1], [35, 47], [36, 2], [36, 47], [37, 46], [38, 3], [38, 46], [39, 4], [39, 45], [40, 44], [41, 5], [41, 43], [42, 6], [42, 42], [43, 7], [43, 8], [43, 41], [43, 42], [44, 9], [44, 40], [45, 10], [45, 39], [46, 11], [46, 38], [47, 13], [47, 36], [48, 15], [48, 33], [48, 34], [49, 18], [49, 30], [49, 31]]
neventsinfailedbin=[33, 81, 85, 59, 12, 30, 36, 9, 56, 79, 20, 18, 56, 3, 13, 3, 1, 32, 6, 5, 21, 6, 9, 10, 31, 27, 65, 6, 18, 94, 2, 43, 29, 4, 48, 11, 100, 4, 81, 20, 61, 23, 49, 10, 26, 28, 39, 67, 64, 28, 47, 58, 27, 28, 48, 2, 14, 91, 93, 34, 25, 23, 54, 3, 59, 12, 5, 92, 2, 69, 2, 83, 9, 48, 9, 99, 36, 2, 29, 18, 23, 10, 18, 20, 48, 28, 36, 97, 30, 42, 99, 22]
lt_mean_diff=0.05813899838435538
lt_mean_low=8052.722493883418
lt_mean_high=8535.148022268726
lt_stdev=1297.7322846138236
lt_stdev_low=1081.6303882862999
lt_stdev_high=1437.9117211343919
