chi2=0.9402109086192053
e0=10387.480827274609
lt=5750.358282379145
e0u=0.18971002820489627
ltu=3.1041656979465015
failedfit=[[0, 18], [0, 31], [1, 15], [1, 33], [1, 34], [2, 13], [2, 36], [3, 11], [3, 37], [3, 38], [4, 10], [4, 39], [5, 9], [5, 40], [6, 7], [6, 41], [7, 6], [7, 42], [8, 5], [8, 43], [9, 44], [10, 45], [11, 3], [11, 46], [12, 46], [13, 2], [13, 47], [14, 47], [15, 1], [15, 48], [16, 48], [17, 48], [18, 0], [19, 0], [19, 49], [20, 49], [21, 49], [22, 49], [25, 49], [26, 49], [27, 49], [28, 49], [29, 49], [30, 49], [31, 0], [33, 48], [34, 1], [35, 47], [36, 2], [36, 47], [38, 3], [38, 46], [39, 45], [41, 5], [41, 44], [42, 6], [43, 7], [43, 41], [43, 42], [44, 9], [44, 40], [45, 10], [45, 39], [46, 11], [46, 38], [47, 13], [47, 36], [48, 15], [48, 34], [49, 18], [49, 31]]
neventsinfailedbin=[52, 22, 51, 79, 26, 77, 34, 36, 86, 1, 16, 8, 53, 8, 4, 27, 10, 16, 8, 65, 68, 12, 30, 9, 52, 52, 10, 73, 25, 3, 29, 93, 22, 93, 18, 32, 53, 76, 21, 61, 76, 74, 42, 2, 29, 35, 40, 41, 85, 2, 40, 12, 6, 11, 2, 14, 11, 64, 1, 36, 19, 23, 12, 44, 24, 78, 61, 59, 44, 75, 49]
lt_mean_diff=0.07850025017424772
lt_mean_low=5539.750537059824
lt_mean_high=5992.6152105257715
lt_stdev=780.0109283378462
lt_stdev_low=578.5947200944968
lt_stdev_high=879.8572753802495
