chi2=0.9101361022730531
e0=10372.51341964994
lt=9168.619929295859
e0u=0.22422235933087617
ltu=5.813906297212927
failedfit=[[0, 18], [0, 19], [0, 20], [0, 29], [0, 30], [0, 31], [1, 15], [1, 33], [1, 34], [2, 13], [2, 35], [2, 36], [3, 11], [3, 37], [3, 38], [4, 10], [4, 39], [5, 9], [5, 40], [6, 7], [6, 41], [7, 6], [7, 7], [7, 42], [8, 5], [8, 43], [9, 44], [10, 4], [10, 45], [11, 3], [11, 46], [12, 46], [13, 2], [13, 47], [14, 47], [15, 1], [15, 48], [16, 1], [16, 48], [17, 48], [18, 0], [19, 0], [19, 49], [20, 49], [21, 49], [22, 49], [23, 49], [24, 49], [25, 49], [26, 49], [27, 49], [28, 49], [29, 49], [30, 0], [30, 49], [31, 0], [32, 48], [33, 48], [34, 1], [34, 48], [35, 47], [36, 2], [36, 47], [37, 46], [38, 3], [38, 46], [39, 45], [40, 44], [41, 5], [42, 6], [42, 42], [43, 7], [43, 8], [43, 41], [44, 9], [44, 40], [44, 41], [45, 10], [45, 39], [46, 11], [46, 38], [47, 13], [47, 36], [48, 15], [48, 34], [49, 18], [49, 30], [49, 31]]
neventsinfailedbin=[49, 80, 94, 95, 64, 19, 27, 53, 18, 39, 74, 22, 19, 63, 4, 6, 2, 48, 9, 4, 21, 3, 90, 17, 3, 44, 37, 66, 5, 14, 5, 54, 40, 7, 34, 16, 5, 93, 17, 66, 20, 71, 11, 35, 25, 40, 67, 57, 12, 43, 53, 39, 39, 67, 3, 16, 85, 35, 27, 2, 40, 51, 2, 75, 25, 7, 4, 84, 8, 4, 65, 6, 85, 36, 33, 15, 1, 22, 14, 26, 18, 42, 34, 50, 23, 52, 92, 30]
lt_mean_diff=0.04019718678581125
lt_mean_low=9038.919988354131
lt_mean_high=9409.817353764214
lt_stdev=1635.3609774629786
lt_stdev_low=1427.701237164942
lt_stdev_high=1795.8845512688583
