chi2=0.9283164798370106
e0=10421.991202325047
lt=5947.767628957246
e0u=0.2169783719564909
ltu=3.6718565758070714
failedfit=[[0, 18], [0, 30], [0, 31], [1, 15], [1, 33], [1, 34], [2, 13], [2, 36], [3, 11], [3, 37], [3, 38], [4, 10], [4, 39], [5, 8], [5, 9], [5, 40], [6, 7], [6, 41], [7, 6], [7, 42], [8, 5], [8, 43], [9, 44], [10, 4], [10, 45], [11, 3], [11, 46], [12, 46], [13, 2], [13, 47], [14, 47], [15, 1], [15, 48], [16, 48], [17, 48], [18, 0], [19, 0], [19, 49], [20, 49], [21, 49], [22, 49], [23, 49], [24, 49], [25, 49], [26, 49], [27, 49], [28, 49], [29, 49], [30, 0], [30, 49], [31, 0], [33, 48], [34, 1], [35, 47], [36, 2], [36, 47], [37, 46], [38, 3], [38, 46], [39, 45], [40, 44], [41, 5], [42, 6], [42, 42], [42, 43], [43, 7], [43, 41], [44, 9], [44, 40], [45, 10], [45, 39], [46, 11], [46, 38], [47, 13], [47, 36], [48, 15], [48, 34], [49, 18], [49, 31]]
neventsinfailedbin=[41, 87, 22, 42, 64, 12, 86, 20, 26, 65, 2, 9, 3, 1, 39, 4, 8, 18, 14, 14, 8, 40, 40, 97, 8, 20, 6, 47, 42, 5, 56, 30, 3, 17, 56, 22, 78, 9, 32, 24, 57, 88, 87, 17, 54, 58, 59, 30, 78, 7, 25, 44, 23, 29, 65, 3, 60, 27, 5, 8, 89, 6, 4, 77, 1, 4, 55, 24, 14, 29, 13, 29, 18, 71, 46, 60, 30, 60, 29]
lt_mean_diff=0.10864690917596202
lt_mean_low=5638.774053359991
lt_mean_high=6287.136452688995
lt_stdev=804.5925229454256
lt_stdev_low=524.6609833056665
lt_stdev_high=895.4136449103356
