chi2=0.9628047247874533
e0=9737.774345834318
lt=6555.46834043356
e0u=0.3400473491668272
ltu=6.171454654772902
failedfit=[[0, 18], [0, 19], [0, 20], [0, 21], [0, 24], [0, 28], [0, 29], [0, 30], [0, 31], [1, 15], [1, 16], [1, 31], [1, 32], [1, 33], [1, 34], [2, 13], [2, 35], [2, 36], [3, 11], [3, 12], [3, 37], [4, 10], [4, 38], [4, 39], [5, 9], [5, 39], [5, 40], [6, 7], [6, 8], [6, 41], [7, 6], [7, 41], [7, 42], [8, 5], [8, 6], [8, 43], [9, 5], [9, 44], [10, 4], [10, 44], [10, 45], [11, 3], [11, 45], [11, 46], [12, 3], [12, 46], [13, 2], [13, 47], [14, 2], [14, 47], [15, 1], [15, 47], [15, 48], [16, 1], [16, 48], [17, 48], [18, 0], [18, 48], [19, 0], [19, 49], [20, 0], [20, 49], [21, 0], [21, 49], [22, 49], [23, 49], [24, 49], [25, 49], [26, 49], [27, 49], [28, 0], [28, 49], [29, 0], [29, 49], [30, 0], [30, 49], [31, 0], [31, 48], [31, 49], [32, 48], [33, 1], [33, 48], [34, 1], [34, 47], [34, 48], [35, 47], [36, 2], [36, 47], [37, 46], [38, 3], [38, 45], [38, 46], [39, 4], [39, 45], [40, 5], [40, 44], [41, 5], [41, 43], [42, 6], [42, 42], [43, 7], [43, 8], [43, 41], [44, 9], [44, 39], [44, 40], [44, 41], [45, 10], [45, 39], [46, 11], [46, 37], [46, 38], [47, 13], [47, 36], [48, 15], [48, 16], [48, 33], [48, 34], [49, 18], [49, 19], [49, 20], [49, 29], [49, 30], [49, 31]]
neventsinfailedbin=[23, 46, 66, 88, 85, 57, 35, 24, 6, 23, 79, 89, 67, 32, 12, 26, 41, 12, 11, 96, 30, 4, 54, 6, 21, 68, 1, 3, 80, 12, 2, 87, 11, 2, 90, 21, 81, 19, 40, 82, 4, 12, 57, 4, 84, 26, 27, 3, 91, 23, 4, 53, 3, 58, 10, 58, 13, 88, 28, 5, 54, 25, 95, 30, 38, 41, 37, 30, 39, 42, 92, 28, 48, 19, 38, 6, 10, 79, 4, 50, 59, 28, 9, 81, 4, 20, 31, 4, 49, 16, 99, 1, 62, 7, 100, 48, 5, 70, 5, 44, 3, 59, 19, 9, 97, 9, 1, 13, 11, 9, 96, 10, 29, 27, 30, 93, 67, 24, 23, 51, 100, 94, 55, 18]
lt_mean_diff=0.03644115027118097
lt_mean_low=6453.353051434246
lt_mean_high=6692.948093267495
lt_stdev=891.5564145146046
lt_stdev_low=836.1178684457766
lt_stdev_high=927.1889976863014
