chi2=0.9837411547300478
e0=10386.074729906837
lt=6793.854557956786
e0u=0.3225333102879071
ltu=6.242076548968412
failedfit=[[0, 18], [0, 19], [0, 20], [0, 29], [0, 30], [0, 31], [1, 15], [1, 16], [1, 33], [1, 34], [2, 13], [2, 35], [2, 36], [3, 11], [3, 37], [3, 38], [4, 10], [4, 38], [4, 39], [5, 8], [5, 9], [5, 39], [5, 40], [6, 7], [6, 8], [6, 41], [7, 6], [7, 7], [7, 42], [8, 5], [8, 43], [9, 5], [9, 44], [10, 4], [10, 45], [11, 3], [11, 45], [11, 46], [12, 3], [12, 46], [13, 2], [13, 47], [14, 47], [15, 1], [15, 47], [15, 48], [16, 1], [16, 48], [17, 48], [18, 0], [18, 48], [18, 49], [19, 0], [19, 49], [20, 0], [20, 49], [21, 49], [22, 49], [23, 49], [24, 49], [25, 49], [26, 49], [27, 49], [28, 0], [28, 49], [29, 0], [29, 49], [30, 0], [30, 49], [31, 0], [31, 48], [32, 48], [33, 1], [33, 48], [34, 1], [34, 48], [35, 47], [36, 2], [36, 47], [37, 46], [38, 3], [38, 46], [39, 4], [39, 45], [40, 44], [41, 5], [41, 43], [42, 6], [42, 42], [42, 43], [43, 7], [43, 8], [43, 41], [43, 42], [44, 9], [44, 40], [45, 10], [45, 38], [45, 39], [46, 11], [46, 37], [46, 38], [47, 13], [47, 35], [47, 36], [48, 15], [48, 16], [48, 33], [48, 34], [49, 18], [49, 19], [49, 29], [49, 30], [49, 31]]
neventsinfailedbin=[19, 47, 83, 64, 48, 16, 25, 93, 64, 17, 38, 70, 17, 11, 45, 3, 7, 95, 3, 2, 27, 85, 6, 4, 76, 14, 4, 82, 6, 1, 24, 71, 34, 36, 12, 9, 71, 2, 97, 26, 20, 7, 27, 18, 69, 4, 66, 25, 49, 13, 81, 2, 49, 10, 70, 38, 34, 52, 68, 49, 30, 52, 58, 91, 45, 67, 29, 40, 13, 9, 89, 80, 68, 31, 10, 2, 42, 21, 10, 43, 18, 5, 73, 9, 54, 10, 77, 8, 61, 2, 3, 80, 21, 1, 19, 8, 15, 96, 10, 12, 88, 15, 30, 95, 24, 21, 87, 75, 17, 29, 60, 98, 76, 16]
lt_mean_diff=0.09259632063829601
lt_mean_low=6504.966584201598
lt_mean_high=7136.991314443898
lt_stdev=947.5592403262298
lt_stdev_low=681.3213929717765
lt_stdev_high=1059.3614050481758
