chi2=0.9208330816178409
e0=10419.036845667755
lt=8152.287757597917
e0u=0.2339159716942075
ltu=5.478050790287171
failedfit=[[0, 18], [0, 19], [0, 29], [0, 30], [0, 31], [1, 15], [1, 33], [1, 34], [2, 13], [2, 36], [3, 11], [3, 37], [3, 38], [4, 10], [4, 39], [5, 9], [5, 40], [6, 7], [6, 41], [7, 6], [7, 42], [8, 5], [8, 43], [9, 44], [10, 4], [10, 45], [11, 3], [11, 46], [12, 46], [13, 2], [13, 47], [14, 47], [15, 1], [15, 47], [15, 48], [16, 48], [17, 48], [18, 0], [19, 0], [19, 49], [20, 49], [21, 49], [22, 49], [23, 49], [24, 49], [25, 49], [26, 49], [27, 49], [28, 49], [29, 49], [30, 0], [30, 49], [31, 0], [32, 48], [33, 48], [34, 1], [35, 47], [36, 2], [36, 47], [37, 46], [38, 3], [38, 46], [39, 45], [40, 44], [41, 5], [41, 43], [41, 44], [42, 6], [42, 42], [43, 7], [43, 8], [43, 41], [43, 42], [44, 9], [44, 40], [45, 10], [45, 39], [46, 11], [46, 38], [47, 13], [47, 36], [48, 15], [48, 34], [49, 18], [49, 30], [49, 31]]
neventsinfailedbin=[37, 80, 99, 63, 11, 32, 57, 15, 59, 21, 20, 48, 5, 7, 5, 37, 9, 10, 17, 4, 15, 3, 42, 59, 80, 10, 23, 4, 46, 42, 7, 43, 16, 83, 5, 19, 61, 22, 70, 13, 30, 33, 50, 58, 69, 17, 41, 39, 53, 25, 58, 4, 26, 97, 35, 26, 42, 55, 5, 63, 31, 5, 3, 76, 7, 89, 1, 9, 57, 5, 98, 28, 1, 25, 10, 21, 10, 20, 12, 60, 27, 41, 18, 46, 98, 34]
lt_mean_diff=-0.010095754716156608
lt_mean_low=8229.758245200655
lt_mean_high=8147.096548052696
lt_stdev=1228.0506146354921
lt_stdev_low=1200.5992162999041
lt_stdev_high=1252.7259038518557
