chi2=1.2384412787895862
e0=10082.823832853464
lt=8563.823820147116
e0u=0.3961524426362661
ltu=9.41158596479402
failedfit=[[0, 18], [0, 19], [0, 20], [0, 27], [0, 28], [0, 29], [0, 30], [0, 31], [1, 15], [1, 16], [1, 32], [1, 33], [1, 34], [2, 13], [2, 14], [2, 35], [2, 36], [3, 11], [3, 12], [3, 37], [3, 38], [4, 10], [4, 11], [4, 38], [4, 39], [5, 9], [5, 10], [5, 39], [5, 40], [6, 7], [6, 8], [6, 40], [6, 41], [7, 6], [7, 7], [7, 41], [7, 42], [8, 5], [8, 6], [8, 42], [8, 43], [9, 5], [9, 44], [10, 4], [10, 44], [10, 45], [11, 3], [11, 45], [11, 46], [12, 3], [12, 46], [13, 2], [13, 46], [13, 47], [14, 2], [14, 47], [15, 1], [15, 47], [15, 48], [16, 1], [16, 48], [17, 1], [17, 48], [18, 0], [18, 48], [18, 49], [19, 0], [19, 49], [20, 0], [20, 49], [21, 0], [21, 49], [22, 0], [22, 49], [23, 0], [23, 49], [24, 0], [24, 49], [25, 0], [25, 49], [26, 0], [26, 49], [27, 0], [27, 49], [28, 0], [28, 49], [29, 0], [29, 49], [30, 0], [30, 49], [31, 0], [31, 48], [31, 49], [32, 48], [33, 1], [33, 48], [34, 1], [34, 47], [34, 48], [35, 2], [35, 47], [36, 2], [36, 47], [37, 3], [37, 46], [38, 3], [38, 45], [38, 46], [39, 4], [39, 45], [40, 5], [40, 44], [41, 5], [41, 6], [41, 43], [41, 44], [42, 6], [42, 7], [42, 42], [43, 8], [43, 40], [43, 41], [44, 9], [44, 10], [44, 39], [44, 40], [45, 10], [45, 38], [45, 39], [46, 11], [46, 37], [46, 38], [47, 13], [47, 14], [47, 35], [47, 36], [48, 15], [48, 16], [48, 33], [48, 34], [49, 18], [49, 19], [49, 20], [49, 25], [49, 28], [49, 29], [49, 30], [49, 31]]
neventsinfailedbin=[15, 54, 65, 100, 90, 50, 41, 11, 14, 74, 96, 40, 8, 24, 82, 57, 17, 13, 59, 43, 3, 5, 91, 74, 7, 13, 89, 65, 9, 5, 60, 80, 5, 1, 69, 87, 6, 2, 59, 79, 26, 68, 29, 38, 98, 12, 4, 57, 2, 86, 27, 15, 92, 7, 74, 40, 18, 62, 4, 39, 22, 80, 45, 8, 67, 3, 40, 14, 56, 35, 71, 42, 67, 52, 96, 55, 95, 42, 80, 29, 92, 42, 75, 54, 71, 36, 68, 26, 41, 19, 8, 82, 6, 50, 46, 27, 13, 81, 3, 77, 28, 30, 8, 78, 28, 11, 84, 4, 56, 4, 69, 31, 3, 77, 41, 1, 4, 46, 32, 36, 97, 18, 9, 94, 68, 11, 13, 79, 4, 14, 77, 6, 17, 91, 71, 26, 13, 64, 43, 8, 23, 51, 82, 94, 98, 80, 48, 10]
lt_mean_diff=0.013793831014703616
lt_mean_low=8572.283945011555
lt_mean_high=8691.358556082136
lt_stdev=1551.00144596098
lt_stdev_low=1440.4670542833276
lt_stdev_high=1649.938679825093
