chi2=0.9267160077523561
e0=10383.620581598003
lt=5393.761657558543
e0u=0.18176185915012052
ltu=2.7857676850303785
failedfit=[[0, 18], [0, 31], [1, 15], [1, 34], [2, 36], [3, 11], [3, 37], [3, 38], [4, 10], [4, 39], [5, 8], [5, 9], [5, 40], [6, 7], [6, 41], [7, 6], [7, 42], [8, 5], [8, 43], [9, 44], [10, 45], [11, 3], [11, 46], [12, 46], [13, 2], [13, 47], [14, 47], [15, 1], [15, 48], [16, 48], [17, 48], [18, 0], [19, 49], [20, 49], [21, 49], [22, 49], [25, 49], [26, 49], [27, 49], [28, 49], [29, 49], [30, 49], [31, 0], [33, 48], [34, 1], [35, 47], [36, 2], [36, 47], [38, 3], [38, 46], [39, 45], [41, 5], [41, 44], [42, 6], [42, 43], [43, 7], [43, 41], [43, 42], [44, 8], [44, 9], [44, 40], [44, 41], [45, 10], [45, 39], [46, 11], [46, 38], [47, 13], [47, 36], [48, 15], [48, 34], [49, 18], [49, 31]]
neventsinfailedbin=[61, 29, 81, 19, 35, 37, 84, 3, 21, 5, 1, 54, 12, 8, 40, 6, 28, 8, 58, 72, 13, 30, 7, 79, 51, 11, 74, 37, 1, 30, 78, 35, 6, 41, 29, 90, 18, 87, 81, 79, 33, 3, 49, 55, 44, 44, 97, 7, 46, 6, 9, 5, 2, 16, 3, 4, 66, 1, 1, 45, 19, 1, 28, 29, 53, 31, 84, 71, 82, 64, 91, 57]
lt_mean_diff=0.11732204070910504
lt_mean_low=5090.107221410948
lt_mean_high=5725.007705927142
lt_stdev=771.5489101908627
lt_stdev_low=495.76756487301265
lt_stdev_high=858.4934313180429
