chi2=1.0144884146621946
e0=10482.442376481986
lt=6287.163462086116
e0u=0.4023233902989732
ltu=7.187848492759056
failedfit=[[0, 18], [0, 19], [0, 20], [0, 21], [0, 22], [0, 24], [0, 28], [0, 29], [0, 30], [0, 31], [1, 15], [1, 16], [1, 17], [1, 31], [1, 32], [1, 33], [1, 34], [2, 13], [2, 14], [2, 34], [2, 35], [2, 36], [3, 11], [3, 12], [3, 36], [3, 37], [3, 38], [4, 10], [4, 11], [4, 38], [4, 39], [5, 9], [5, 10], [5, 39], [5, 40], [6, 7], [6, 8], [6, 40], [6, 41], [7, 6], [7, 7], [7, 41], [7, 42], [8, 5], [8, 6], [8, 42], [8, 43], [9, 5], [9, 43], [9, 44], [10, 4], [10, 44], [10, 45], [11, 3], [11, 4], [11, 44], [11, 45], [11, 46], [12, 3], [12, 45], [12, 46], [13, 2], [13, 46], [13, 47], [14, 2], [14, 47], [15, 1], [15, 47], [15, 48], [16, 1], [16, 47], [16, 48], [17, 1], [17, 48], [18, 0], [18, 1], [18, 48], [18, 49], [19, 0], [19, 48], [19, 49], [20, 0], [20, 48], [20, 49], [21, 0], [21, 49], [22, 0], [22, 49], [23, 0], [23, 49], [24, 0], [24, 49], [25, 0], [25, 49], [26, 49], [27, 0], [27, 35], [27, 49], [28, 0], [28, 35], [28, 36], [28, 49], [29, 0], [29, 48], [29, 49], [30, 0], [30, 48], [30, 49], [31, 0], [31, 48], [32, 1], [32, 48], [33, 1], [33, 47], [33, 48], [34, 1], [34, 2], [34, 47], [34, 48], [35, 2], [35, 47], [36, 2], [36, 46], [36, 47], [37, 3], [37, 45], [37, 46], [38, 3], [38, 45], [38, 46], [39, 4], [39, 35], [39, 36], [39, 44], [39, 45], [40, 5], [40, 43], [40, 44], [41, 5], [41, 43], [42, 6], [42, 7], [42, 41], [42, 42], [42, 43], [43, 7], [43, 8], [43, 40], [43, 41], [44, 8], [44, 9], [44, 10], [44, 39], [44, 40], [45, 10], [45, 11], [45, 38], [45, 39], [46, 11], [46, 12], [46, 37], [46, 38], [47, 13], [47, 14], [47, 35], [47, 36], [48, 15], [48, 16], [48, 17], [48, 31], [48, 32], [48, 33], [48, 34], [49, 18], [49, 19], [49, 20], [49, 21], [49, 24], [49, 25], [49, 27], [49, 28], [49, 29], [49, 30], [49, 31]]
neventsinfailedbin=[15, 33, 59, 86, 91, 93, 69, 39, 33, 9, 15, 53, 96, 93, 48, 30, 8, 14, 60, 97, 34, 11, 7, 51, 68, 32, 5, 4, 67, 55, 5, 13, 76, 55, 5, 3, 51, 57, 12, 3, 66, 70, 6, 1, 61, 77, 20, 47, 80, 18, 29, 53, 4, 10, 87, 96, 38, 2, 42, 74, 23, 6, 62, 3, 58, 27, 4, 36, 6, 42, 91, 15, 79, 28, 11, 99, 50, 1, 15, 91, 5, 48, 93, 18, 65, 23, 62, 27, 86, 32, 92, 26, 72, 18, 34, 76, 87, 22, 52, 80, 95, 30, 38, 98, 19, 21, 81, 5, 4, 54, 64, 33, 38, 88, 9, 7, 100, 61, 4, 54, 23, 20, 65, 2, 68, 100, 26, 15, 45, 2, 41, 75, 75, 74, 5, 80, 97, 33, 3, 43, 4, 68, 89, 26, 2, 3, 58, 51, 11, 1, 8, 81, 62, 5, 10, 85, 69, 7, 6, 74, 42, 4, 8, 66, 55, 12, 13, 50, 97, 92, 68, 37, 6, 5, 38, 51, 72, 81, 81, 83, 75, 56, 36, 6]
lt_mean_diff=0.03877419321743433
lt_mean_low=6191.550309257129
lt_mean_high=6436.455509677035
lt_stdev=754.8588749206604
lt_stdev_low=739.9129598833309
lt_stdev_high=749.6098223370195
