chi2=0.9204973201966793
e0=10034.980769492558
lt=8902.18943729243
e0u=0.2745534042704546
ltu=6.748457093523813
failedfit=[[0, 18], [0, 19], [0, 29], [0, 30], [0, 31], [1, 15], [1, 33], [1, 34], [2, 13], [2, 35], [2, 36], [3, 11], [3, 37], [3, 38], [4, 10], [4, 39], [5, 8], [5, 9], [5, 40], [6, 7], [6, 41], [7, 6], [7, 7], [7, 42], [8, 5], [8, 43], [9, 44], [10, 4], [10, 45], [11, 3], [11, 46], [12, 46], [13, 2], [13, 47], [14, 47], [15, 1], [15, 48], [16, 1], [16, 48], [17, 48], [18, 0], [19, 0], [19, 49], [20, 49], [21, 49], [22, 49], [23, 49], [24, 49], [25, 49], [26, 49], [27, 49], [28, 49], [29, 49], [30, 0], [30, 49], [31, 0], [33, 1], [33, 48], [34, 1], [34, 48], [35, 47], [36, 2], [36, 47], [37, 46], [38, 3], [38, 46], [39, 4], [39, 45], [40, 44], [41, 5], [41, 44], [42, 6], [42, 7], [42, 42], [42, 43], [43, 7], [43, 8], [43, 41], [44, 9], [44, 40], [45, 10], [45, 39], [46, 11], [46, 38], [47, 13], [47, 36], [48, 15], [48, 34], [49, 18], [49, 31]]
neventsinfailedbin=[41, 92, 80, 55, 17, 38, 79, 17, 51, 82, 30, 20, 46, 5, 8, 4, 1, 32, 10, 4, 22, 7, 85, 6, 4, 45, 49, 66, 16, 14, 7, 41, 33, 6, 53, 22, 2, 93, 28, 70, 9, 66, 19, 33, 41, 51, 82, 48, 13, 44, 53, 42, 25, 61, 2, 16, 92, 40, 25, 1, 43, 45, 3, 60, 22, 4, 100, 14, 81, 5, 2, 7, 99, 50, 2, 2, 85, 27, 34, 5, 18, 7, 31, 13, 39, 43, 27, 34, 38, 30]
lt_mean_diff=0.04684368866652064
lt_mean_low=8753.134919953392
lt_mean_high=9173.117371954322
lt_stdev=1793.2922599145595
lt_stdev_low=1590.6564035873298
lt_stdev_high=1948.9480436304434
