chi2=0.9457773370247838
e0=10387.188154201873
lt=5447.80598481226
e0u=0.20551855937503352
ltu=3.1929129083104475
failedfit=[[0, 18], [0, 30], [0, 31], [1, 15], [1, 33], [1, 34], [2, 13], [2, 36], [3, 11], [3, 37], [3, 38], [4, 10], [4, 39], [5, 8], [5, 9], [5, 40], [6, 7], [6, 41], [7, 6], [7, 42], [8, 5], [8, 43], [9, 44], [10, 4], [10, 45], [11, 3], [11, 46], [12, 46], [13, 2], [13, 47], [14, 47], [15, 1], [15, 48], [16, 48], [17, 48], [18, 0], [19, 0], [19, 49], [20, 49], [21, 49], [22, 49], [23, 49], [24, 49], [25, 49], [26, 49], [27, 49], [28, 49], [29, 49], [30, 0], [30, 49], [31, 0], [33, 48], [34, 1], [34, 48], [35, 47], [36, 2], [37, 46], [38, 3], [38, 46], [39, 45], [40, 44], [41, 5], [41, 44], [42, 6], [42, 42], [43, 7], [43, 41], [43, 42], [44, 9], [44, 40], [45, 10], [45, 39], [46, 11], [46, 38], [47, 13], [47, 36], [48, 15], [48, 34], [49, 18], [49, 31]]
neventsinfailedbin=[45, 75, 20, 51, 64, 17, 74, 24, 23, 54, 3, 13, 9, 2, 67, 3, 11, 25, 2, 13, 9, 41, 56, 90, 14, 20, 5, 41, 44, 6, 53, 38, 4, 25, 67, 21, 76, 10, 37, 28, 55, 86, 86, 21, 60, 66, 56, 30, 97, 2, 22, 27, 27, 2, 30, 69, 76, 29, 7, 6, 85, 9, 2, 13, 72, 4, 39, 1, 41, 10, 37, 20, 38, 20, 63, 58, 55, 47, 51, 40]
lt_mean_diff=0.08182473612183029
lt_mean_low=5240.117725466009
lt_mean_high=5687.453325945753
lt_stdev=757.8183926814668
lt_stdev_low=540.6112643618011
lt_stdev_high=865.8604881350623
