chi2=0.9361395556423686
e0=10378.60577451696
lt=5505.304397717595
e0u=0.1898506958384346
ltu=3.014420582544695
failedfit=[[0, 18], [0, 30], [0, 31], [1, 15], [1, 33], [1, 34], [2, 13], [2, 36], [3, 11], [3, 37], [3, 38], [4, 10], [4, 39], [5, 8], [5, 9], [5, 40], [6, 7], [6, 41], [7, 6], [7, 42], [8, 5], [8, 43], [9, 44], [10, 45], [11, 3], [11, 46], [12, 46], [13, 2], [13, 47], [14, 47], [15, 1], [15, 48], [16, 48], [17, 48], [18, 0], [19, 0], [19, 49], [20, 49], [21, 49], [22, 49], [23, 49], [24, 49], [25, 49], [26, 49], [27, 49], [28, 49], [29, 49], [30, 0], [30, 49], [31, 0], [33, 48], [34, 1], [35, 47], [36, 2], [36, 47], [37, 46], [38, 3], [38, 46], [39, 45], [41, 5], [41, 44], [42, 6], [42, 42], [42, 43], [43, 7], [43, 41], [44, 9], [44, 40], [45, 10], [45, 39], [46, 11], [46, 38], [47, 13], [47, 36], [48, 15], [48, 34], [49, 18], [49, 31]]
neventsinfailedbin=[60, 76, 25, 52, 82, 15, 59, 24, 34, 84, 3, 12, 4, 2, 39, 11, 5, 26, 4, 13, 2, 62, 49, 11, 29, 5, 62, 52, 4, 56, 29, 2, 18, 75, 44, 87, 15, 39, 30, 64, 85, 77, 22, 65, 62, 69, 35, 80, 7, 16, 52, 34, 46, 62, 1, 93, 34, 7, 9, 7, 2, 10, 91, 1, 8, 51, 32, 12, 26, 12, 40, 23, 79, 61, 68, 50, 66, 37]
lt_mean_diff=0.04951381899600399
lt_mean_low=5385.8021887377345
lt_mean_high=5659.3429879699315
lt_stdev=723.1703210432654
lt_stdev_low=579.2400938656792
lt_stdev_high=817.4681125626746
