chi2=0.9752021877177073
e0=10279.179371458325
lt=8712.015702563385
e0u=0.30257698153907087
ltu=7.417080697296775
failedfit=[[0, 18], [0, 19], [0, 20], [0, 29], [0, 30], [0, 31], [1, 15], [1, 16], [1, 33], [1, 34], [2, 13], [2, 35], [2, 36], [3, 11], [3, 12], [3, 37], [3, 38], [4, 10], [4, 38], [4, 39], [5, 8], [5, 9], [5, 40], [6, 7], [6, 8], [6, 41], [7, 6], [7, 7], [7, 42], [8, 5], [8, 6], [8, 42], [8, 43], [9, 5], [9, 44], [10, 4], [10, 45], [11, 3], [11, 45], [11, 46], [12, 3], [12, 46], [13, 2], [13, 47], [14, 2], [14, 47], [15, 1], [15, 47], [15, 48], [16, 1], [16, 48], [17, 48], [18, 0], [18, 49], [19, 0], [19, 49], [20, 0], [20, 49], [21, 0], [21, 49], [22, 0], [22, 49], [23, 0], [23, 49], [24, 49], [25, 49], [26, 49], [27, 49], [28, 49], [29, 0], [29, 49], [30, 0], [30, 49], [31, 0], [31, 49], [32, 1], [32, 48], [33, 1], [33, 48], [34, 1], [34, 47], [34, 48], [35, 2], [35, 47], [36, 2], [36, 47], [37, 46], [38, 3], [38, 45], [38, 46], [39, 4], [39, 45], [40, 5], [40, 44], [41, 5], [41, 6], [41, 43], [42, 6], [42, 7], [42, 42], [42, 43], [43, 7], [43, 8], [43, 41], [43, 42], [44, 9], [44, 39], [44, 40], [45, 10], [45, 39], [46, 11], [46, 37], [46, 38], [47, 13], [47, 35], [47, 36], [48, 15], [48, 16], [48, 33], [48, 34], [49, 18], [49, 19], [49, 30], [49, 31]]
neventsinfailedbin=[24, 57, 76, 77, 59, 20, 19, 96, 63, 15, 22, 69, 20, 11, 86, 65, 7, 9, 95, 6, 2, 26, 13, 3, 81, 27, 6, 68, 7, 4, 78, 93, 26, 73, 28, 35, 7, 9, 76, 5, 95, 41, 19, 6, 90, 37, 22, 90, 5, 59, 13, 53, 16, 4, 28, 19, 73, 36, 79, 47, 88, 72, 88, 78, 62, 46, 59, 67, 57, 72, 34, 45, 21, 10, 2, 93, 85, 73, 34, 8, 96, 8, 91, 23, 18, 6, 42, 16, 87, 2, 67, 10, 98, 49, 4, 88, 60, 2, 62, 45, 3, 3, 68, 23, 2, 17, 98, 9, 11, 10, 5, 74, 2, 23, 98, 22, 20, 77, 76, 20, 29, 57, 52, 14]
lt_mean_diff=0.013120616892457224
lt_mean_low=8713.901666802249
lt_mean_high=8828.995205175554
lt_stdev=1455.5032866362167
lt_stdev_low=1357.154671257121
lt_stdev_high=1543.9116931195417
