chi2=0.9372017476771991
e0=10410.41482850988
lt=9145.751629811444
e0u=0.2959208748647102
ltu=7.546175667963948
failedfit=[[0, 18], [0, 19], [0, 20], [0, 21], [0, 24], [0, 25], [0, 28], [0, 29], [0, 30], [0, 31], [1, 15], [1, 16], [1, 32], [1, 33], [1, 34], [2, 13], [2, 14], [2, 35], [2, 36], [3, 11], [3, 12], [3, 37], [3, 38], [4, 10], [4, 11], [4, 38], [4, 39], [5, 9], [5, 10], [5, 39], [5, 40], [6, 7], [6, 8], [6, 40], [6, 41], [7, 6], [7, 7], [7, 41], [7, 42], [8, 5], [8, 6], [8, 42], [8, 43], [9, 5], [9, 44], [10, 4], [10, 44], [10, 45], [11, 3], [11, 45], [11, 46], [12, 3], [12, 46], [13, 2], [13, 46], [13, 47], [14, 2], [14, 47], [15, 1], [15, 47], [15, 48], [16, 1], [16, 47], [16, 48], [17, 1], [17, 48], [18, 0], [18, 48], [19, 0], [19, 49], [20, 0], [20, 49], [21, 0], [21, 49], [22, 0], [22, 49], [23, 0], [23, 49], [24, 0], [24, 49], [25, 0], [25, 49], [26, 0], [26, 49], [27, 0], [27, 49], [28, 0], [28, 49], [29, 0], [29, 49], [30, 0], [31, 0], [31, 48], [32, 48], [33, 1], [33, 48], [34, 1], [34, 47], [34, 48], [35, 47], [36, 2], [36, 47], [37, 3], [37, 46], [38, 3], [38, 45], [38, 46], [39, 4], [40, 5], [40, 44], [41, 5], [41, 6], [41, 43], [41, 44], [42, 6], [42, 7], [42, 42], [43, 7], [43, 8], [43, 40], [43, 41], [44, 9], [44, 39], [44, 40], [45, 10], [45, 38], [45, 39], [46, 11], [46, 37], [46, 38], [47, 13], [47, 35], [47, 36], [48, 15], [48, 16], [48, 33], [48, 34], [49, 18], [49, 19], [49, 20], [49, 25], [49, 30], [49, 31]]
neventsinfailedbin=[12, 41, 64, 84, 72, 80, 69, 54, 28, 11, 16, 62, 83, 33, 8, 20, 83, 46, 19, 11, 72, 38, 1, 4, 93, 74, 8, 21, 91, 63, 2, 2, 62, 80, 8, 1, 48, 82, 6, 3, 62, 96, 29, 66, 21, 32, 96, 4, 10, 57, 3, 54, 31, 15, 89, 4, 79, 21, 11, 50, 1, 46, 97, 10, 83, 27, 8, 53, 30, 7, 63, 18, 95, 12, 76, 24, 97, 31, 82, 24, 80, 3, 95, 27, 73, 25, 85, 13, 68, 10, 28, 5, 80, 63, 50, 34, 17, 92, 1, 17, 19, 3, 81, 32, 8, 84, 2, 56, 79, 51, 2, 67, 53, 1, 3, 42, 24, 3, 38, 99, 18, 9, 89, 1, 5, 93, 3, 14, 64, 9, 24, 79, 20, 17, 70, 43, 14, 16, 49, 91, 100, 51, 14]
lt_mean_diff=0.03318377920760629
lt_mean_low=9061.29531627803
lt_mean_high=9367.11126871406
lt_stdev=1593.1155008298826
lt_stdev_low=1450.1423306858305
lt_stdev_high=1708.132045269051
