chi2=0.9368007770387652
e0=10424.710380708399
lt=5986.231794053276
e0u=0.21836141034612996
ltu=3.6926011277126394
failedfit=[[0, 18], [0, 19], [0, 30], [0, 31], [1, 15], [1, 33], [1, 34], [2, 13], [2, 36], [3, 11], [3, 37], [3, 38], [4, 10], [4, 39], [5, 9], [5, 40], [6, 7], [6, 41], [7, 6], [7, 42], [8, 5], [8, 43], [9, 44], [10, 45], [11, 3], [11, 46], [12, 46], [13, 2], [13, 47], [14, 47], [15, 1], [15, 48], [16, 48], [17, 48], [18, 0], [19, 0], [19, 49], [20, 49], [21, 49], [22, 49], [23, 49], [24, 49], [25, 49], [26, 49], [27, 49], [28, 49], [29, 49], [30, 0], [30, 49], [31, 0], [33, 48], [34, 1], [34, 48], [35, 47], [36, 2], [37, 46], [38, 3], [38, 46], [39, 45], [40, 44], [41, 5], [41, 44], [42, 6], [43, 7], [43, 41], [44, 9], [44, 40], [44, 41], [45, 10], [45, 39], [46, 11], [46, 38], [47, 13], [47, 36], [48, 15], [48, 34], [49, 18], [49, 31]]
neventsinfailedbin=[43, 98, 66, 18, 39, 66, 17, 91, 23, 27, 56, 2, 12, 5, 43, 9, 7, 25, 5, 19, 4, 55, 50, 9, 15, 3, 60, 50, 11, 50, 24, 2, 22, 68, 20, 87, 11, 39, 41, 48, 69, 63, 25, 57, 49, 59, 39, 88, 4, 18, 24, 30, 1, 53, 68, 69, 31, 6, 7, 96, 8, 2, 5, 9, 64, 38, 17, 1, 27, 13, 30, 23, 66, 51, 61, 40, 66, 35]
lt_mean_diff=0.10142452760651004
lt_mean_low=5697.297429344224
lt_mean_high=6306.462803179516
lt_stdev=834.8984270148934
lt_stdev_low=534.2414055029664
lt_stdev_high=956.2873202287722
