chi2=0.9285507034199904
e0=10418.270879693297
lt=5414.441468665758
e0u=0.22776599724005347
ltu=3.4896865404944997
failedfit=[[0, 18], [0, 19], [0, 29], [0, 30], [0, 31], [1, 15], [1, 33], [1, 34], [2, 13], [2, 35], [2, 36], [3, 11], [3, 37], [4, 10], [4, 39], [5, 9], [5, 40], [6, 7], [6, 41], [7, 6], [7, 42], [8, 5], [8, 43], [9, 44], [10, 4], [10, 45], [11, 3], [11, 46], [12, 46], [13, 2], [13, 47], [14, 47], [15, 1], [15, 48], [16, 48], [17, 48], [18, 0], [19, 0], [19, 49], [20, 49], [21, 49], [22, 49], [23, 49], [24, 49], [25, 49], [26, 49], [27, 49], [28, 49], [29, 49], [30, 0], [30, 49], [31, 0], [33, 48], [34, 1], [35, 47], [36, 2], [36, 47], [37, 46], [38, 3], [38, 46], [39, 45], [40, 44], [41, 5], [41, 44], [42, 6], [42, 42], [43, 7], [43, 41], [44, 8], [44, 9], [44, 40], [45, 10], [45, 39], [46, 11], [46, 38], [47, 13], [47, 36], [48, 15], [48, 34], [49, 18], [49, 31]]
neventsinfailedbin=[40, 100, 96, 75, 15, 46, 60, 16, 56, 84, 14, 26, 62, 8, 5, 35, 3, 4, 14, 6, 16, 3, 38, 40, 88, 7, 24, 5, 38, 35, 4, 41, 27, 3, 23, 64, 23, 68, 10, 21, 20, 51, 65, 70, 16, 53, 57, 35, 12, 77, 3, 21, 37, 29, 37, 60, 2, 61, 25, 4, 6, 73, 7, 2, 10, 52, 5, 44, 2, 26, 16, 21, 14, 26, 17, 58, 41, 54, 22, 59, 39]
lt_mean_diff=0.1149900174396565
lt_mean_low=5116.899453150455
lt_mean_high=5741.752869782241
lt_stdev=748.8483971834879
lt_stdev_low=453.58838525893054
lt_stdev_high=844.4355026299486
