chi2=0.9252582789216734
e0=10406.795389174164
lt=5737.3821815354495
e0u=0.1927857241326119
ltu=3.133943518835001
failedfit=[[0, 18], [0, 31], [1, 15], [1, 33], [1, 34], [2, 13], [2, 36], [3, 11], [3, 37], [3, 38], [4, 10], [4, 39], [5, 8], [5, 9], [5, 40], [6, 7], [6, 41], [7, 6], [7, 42], [8, 5], [8, 43], [9, 44], [10, 45], [11, 3], [11, 46], [12, 46], [13, 2], [13, 47], [14, 47], [15, 1], [15, 48], [16, 48], [17, 48], [18, 0], [19, 0], [19, 49], [20, 49], [21, 49], [22, 49], [23, 49], [24, 49], [25, 49], [26, 49], [27, 49], [28, 49], [29, 49], [30, 49], [31, 0], [33, 48], [34, 1], [34, 48], [35, 47], [36, 47], [38, 3], [38, 46], [39, 45], [41, 5], [42, 6], [43, 7], [43, 41], [44, 8], [44, 9], [44, 40], [45, 10], [45, 39], [46, 11], [46, 38], [47, 13], [47, 36], [48, 15], [48, 34], [49, 18], [49, 31]]
neventsinfailedbin=[62, 18, 62, 90, 16, 88, 23, 29, 84, 3, 17, 5, 1, 58, 11, 9, 36, 9, 19, 9, 35, 56, 11, 29, 8, 66, 59, 9, 53, 27, 3, 22, 79, 19, 84, 13, 40, 33, 61, 90, 80, 26, 63, 79, 53, 26, 4, 25, 35, 35, 2, 49, 3, 39, 10, 9, 14, 16, 7, 55, 1, 39, 22, 30, 23, 26, 20, 100, 54, 65, 55, 76, 49]
lt_mean_diff=0.11061537213849187
lt_mean_low=5436.3890712530765
lt_mean_high=6073.458213257528
lt_stdev=824.6742172812116
lt_stdev_low=535.2321859198552
lt_stdev_high=928.9023274440076
