chi2=0.9101134169915929
e0=10038.347255854886
lt=8911.46849959052
e0u=0.27665362201208316
ltu=6.773907638138622
failedfit=[[0, 18], [0, 30], [0, 31], [1, 15], [1, 33], [1, 34], [2, 13], [2, 36], [3, 11], [3, 37], [3, 38], [4, 10], [4, 39], [5, 9], [5, 40], [6, 7], [6, 41], [7, 6], [7, 42], [8, 5], [8, 43], [9, 44], [10, 4], [10, 45], [11, 3], [11, 46], [12, 46], [13, 2], [13, 47], [14, 47], [15, 1], [15, 48], [16, 48], [17, 48], [18, 0], [19, 0], [19, 49], [20, 49], [21, 49], [22, 49], [23, 49], [24, 49], [25, 49], [26, 49], [27, 49], [28, 49], [29, 49], [30, 0], [30, 49], [31, 0], [33, 48], [34, 1], [35, 47], [36, 2], [36, 47], [37, 46], [38, 3], [38, 46], [39, 45], [40, 44], [41, 5], [41, 44], [42, 6], [42, 42], [43, 7], [43, 8], [43, 41], [44, 8], [44, 9], [44, 40], [45, 10], [45, 39], [46, 11], [46, 38], [47, 13], [47, 36], [48, 15], [48, 34], [49, 18], [49, 30], [49, 31]]
neventsinfailedbin=[46, 64, 21, 36, 82, 29, 61, 23, 12, 84, 7, 11, 10, 21, 12, 6, 29, 6, 17, 6, 56, 52, 93, 21, 13, 9, 50, 43, 6, 72, 21, 3, 29, 77, 27, 79, 13, 32, 51, 75, 76, 58, 28, 57, 80, 60, 44, 65, 7, 22, 48, 29, 55, 62, 3, 66, 19, 6, 15, 99, 7, 2, 4, 70, 3, 96, 24, 1, 24, 17, 34, 15, 30, 13, 48, 41, 54, 29, 38, 96, 46]
lt_mean_diff=0.030408978118160682
lt_mean_low=8840.500176511805
lt_mean_high=9113.54188449951
lt_stdev=1850.3832814756615
lt_stdev_low=1636.9207511922732
lt_stdev_high=2027.4344213538745
