chi2=0.9409562422618524
e0=10463.932534623482
lt=8321.73985361991
e0u=0.24635440018226912
ltu=5.860825102617705
failedfit=[[0, 18], [0, 19], [0, 20], [0, 29], [0, 30], [0, 31], [1, 15], [1, 33], [1, 34], [2, 13], [2, 35], [2, 36], [3, 11], [3, 37], [3, 38], [4, 10], [4, 39], [5, 8], [5, 9], [5, 40], [6, 7], [6, 41], [7, 6], [7, 42], [8, 5], [8, 43], [9, 44], [10, 4], [10, 45], [11, 3], [11, 45], [11, 46], [12, 46], [13, 2], [13, 47], [14, 47], [15, 1], [15, 47], [15, 48], [16, 48], [17, 48], [18, 0], [19, 0], [19, 49], [20, 49], [21, 49], [22, 49], [23, 49], [24, 49], [25, 49], [26, 49], [27, 49], [28, 49], [29, 49], [30, 0], [30, 49], [31, 0], [32, 48], [33, 1], [33, 48], [34, 1], [35, 47], [36, 2], [36, 47], [37, 46], [38, 3], [38, 46], [39, 45], [40, 44], [41, 5], [41, 43], [42, 6], [42, 42], [43, 8], [43, 41], [44, 8], [44, 9], [44, 40], [45, 10], [45, 39], [46, 11], [46, 38], [47, 13], [47, 36], [48, 15], [48, 33], [48, 34], [49, 18], [49, 30], [49, 31]]
neventsinfailedbin=[34, 56, 85, 89, 60, 13, 31, 50, 11, 48, 63, 16, 22, 47, 2, 13, 2, 1, 39, 14, 3, 28, 2, 13, 8, 24, 34, 58, 8, 11, 97, 1, 27, 29, 8, 44, 18, 95, 6, 25, 50, 16, 53, 13, 22, 28, 47, 58, 70, 24, 46, 54, 33, 30, 52, 3, 18, 87, 95, 38, 18, 32, 43, 2, 66, 22, 3, 4, 58, 5, 82, 8, 54, 99, 29, 1, 19, 7, 22, 16, 20, 10, 34, 45, 38, 91, 24, 30, 88, 24]
lt_mean_diff=0.06246011071879913
lt_mean_low=8095.698762999181
lt_mean_high=8617.93579569217
lt_stdev=1266.534219682782
lt_stdev_low=1020.6404770051477
lt_stdev_high=1419.1990149456105
