chi2=0.9289578311507699
e0=10395.170740551177
lt=9248.635318449587
e0u=0.23018841368561951
ltu=5.990752821981345
failedfit=[[0, 18], [0, 19], [0, 20], [0, 29], [0, 30], [0, 31], [1, 15], [1, 33], [1, 34], [2, 13], [2, 35], [2, 36], [3, 11], [3, 37], [3, 38], [4, 10], [4, 39], [5, 9], [5, 40], [6, 41], [7, 6], [7, 7], [7, 42], [8, 5], [8, 43], [9, 44], [10, 4], [10, 45], [11, 3], [11, 45], [11, 46], [12, 46], [13, 2], [13, 47], [14, 47], [15, 1], [15, 47], [15, 48], [16, 1], [16, 48], [17, 48], [18, 0], [18, 49], [19, 0], [19, 49], [20, 49], [21, 49], [22, 49], [23, 49], [24, 49], [25, 49], [26, 49], [27, 49], [28, 49], [29, 49], [30, 0], [30, 49], [31, 0], [32, 48], [33, 1], [33, 48], [34, 1], [35, 47], [36, 2], [37, 46], [38, 3], [38, 46], [39, 4], [39, 45], [40, 44], [41, 5], [41, 43], [41, 44], [42, 6], [42, 7], [42, 42], [43, 7], [43, 8], [43, 41], [44, 8], [44, 9], [44, 40], [45, 10], [45, 39], [46, 11], [46, 38], [47, 13], [47, 36], [48, 15], [48, 34], [49, 18], [49, 30], [49, 31]]
neventsinfailedbin=[33, 78, 98, 71, 50, 12, 28, 56, 13, 32, 80, 19, 10, 48, 2, 13, 10, 38, 11, 23, 4, 89, 9, 2, 52, 42, 71, 6, 5, 72, 4, 43, 26, 7, 27, 15, 81, 6, 69, 24, 54, 13, 1, 49, 9, 34, 18, 41, 66, 55, 10, 36, 51, 47, 36, 68, 5, 14, 91, 89, 33, 21, 36, 37, 74, 26, 3, 78, 3, 68, 5, 95, 1, 5, 100, 51, 4, 97, 26, 1, 18, 12, 19, 10, 20, 17, 44, 39, 37, 28, 38, 93, 27]
lt_mean_diff=0.04387644066039072
lt_mean_low=9099.016060430391
lt_mean_high=9507.331197378922
lt_stdev=1656.09343484199
lt_stdev_low=1456.2213268538592
lt_stdev_high=1807.03953206068
