chi2=0.9275993892500516
e0=10396.70516244396
lt=5769.362785029783
e0u=0.20084678727287666
ltu=3.271591545499676
failedfit=[[0, 18], [0, 30], [0, 31], [1, 15], [1, 33], [1, 34], [2, 13], [2, 36], [3, 11], [3, 37], [3, 38], [4, 10], [4, 39], [5, 8], [5, 9], [5, 40], [6, 7], [6, 41], [7, 6], [7, 42], [8, 5], [8, 43], [9, 44], [10, 45], [11, 3], [11, 46], [12, 46], [13, 2], [13, 47], [14, 47], [15, 1], [15, 48], [16, 48], [17, 48], [18, 0], [19, 0], [19, 49], [20, 49], [21, 49], [22, 49], [23, 49], [24, 49], [25, 49], [26, 49], [27, 49], [28, 49], [29, 49], [30, 0], [30, 49], [31, 0], [33, 48], [34, 1], [35, 47], [36, 2], [36, 47], [37, 46], [38, 3], [38, 46], [39, 45], [41, 5], [41, 44], [42, 6], [43, 7], [43, 41], [44, 8], [44, 9], [44, 40], [45, 10], [45, 39], [46, 11], [46, 38], [47, 13], [47, 36], [48, 15], [48, 34], [49, 18], [49, 31]]
neventsinfailedbin=[42, 89, 29, 57, 74, 8, 70, 23, 35, 66, 4, 17, 5, 2, 48, 13, 6, 29, 5, 18, 7, 45, 48, 3, 25, 8, 59, 52, 8, 59, 24, 2, 18, 69, 42, 91, 15, 38, 34, 51, 86, 63, 23, 65, 65, 46, 36, 94, 3, 14, 44, 25, 55, 74, 1, 87, 32, 5, 10, 10, 1, 13, 6, 73, 1, 40, 13, 31, 14, 40, 21, 92, 58, 64, 30, 74, 50]
lt_mean_diff=0.1070832873161076
lt_mean_low=5476.065918885618
lt_mean_high=6096.118669904743
lt_stdev=820.0892603982145
lt_stdev_low=541.7066223096617
lt_stdev_high=922.8935547897853
