chi2=0.9314454249738462
e0=10402.132105517021
lt=9114.787633169712
e0u=0.28621525005979803
ltu=7.339538296527324
failedfit=[[0, 18], [0, 19], [0, 20], [0, 24], [0, 25], [0, 28], [0, 29], [0, 30], [0, 31], [1, 15], [1, 16], [1, 32], [1, 33], [1, 34], [2, 13], [2, 14], [2, 35], [2, 36], [3, 11], [3, 12], [3, 37], [4, 10], [4, 11], [4, 38], [4, 39], [5, 8], [5, 9], [5, 10], [5, 39], [5, 40], [6, 7], [6, 8], [6, 40], [6, 41], [7, 7], [7, 41], [7, 42], [8, 5], [8, 6], [8, 42], [8, 43], [9, 5], [9, 44], [10, 4], [10, 45], [11, 3], [11, 45], [11, 46], [12, 3], [12, 46], [13, 2], [13, 46], [13, 47], [14, 2], [14, 47], [15, 1], [15, 47], [15, 48], [16, 1], [16, 48], [17, 1], [17, 48], [18, 0], [18, 48], [19, 0], [19, 49], [20, 0], [20, 49], [21, 0], [21, 49], [22, 0], [22, 49], [23, 0], [23, 49], [24, 0], [24, 49], [25, 49], [26, 49], [27, 0], [27, 49], [28, 0], [28, 49], [29, 0], [29, 49], [30, 0], [30, 49], [31, 0], [31, 48], [32, 48], [33, 1], [33, 48], [34, 1], [35, 2], [35, 47], [36, 2], [36, 46], [36, 47], [37, 3], [37, 46], [38, 3], [38, 45], [38, 46], [39, 4], [39, 45], [40, 5], [40, 44], [41, 5], [41, 6], [41, 43], [42, 6], [42, 7], [42, 42], [43, 7], [43, 8], [43, 41], [44, 9], [44, 39], [44, 40], [45, 10], [45, 38], [45, 39], [46, 11], [46, 37], [46, 38], [47, 13], [47, 35], [47, 36], [48, 15], [48, 16], [48, 33], [48, 34], [49, 18], [49, 19], [49, 20], [49, 25], [49, 29], [49, 30], [49, 31]]
neventsinfailedbin=[21, 36, 72, 75, 90, 96, 58, 32, 10, 18, 58, 84, 31, 8, 20, 100, 44, 18, 9, 77, 33, 3, 84, 65, 4, 1, 17, 83, 77, 5, 4, 71, 89, 13, 58, 65, 6, 2, 56, 100, 27, 66, 40, 44, 3, 8, 48, 1, 88, 17, 21, 86, 3, 96, 35, 13, 53, 2, 51, 9, 100, 44, 8, 60, 36, 5, 44, 15, 92, 19, 88, 25, 88, 31, 98, 24, 10, 26, 97, 24, 92, 22, 61, 14, 44, 3, 5, 72, 51, 53, 15, 15, 94, 15, 31, 89, 4, 81, 36, 11, 95, 2, 61, 1, 99, 53, 4, 83, 57, 6, 49, 37, 4, 42, 20, 15, 99, 6, 12, 90, 14, 11, 84, 4, 14, 91, 19, 17, 93, 62, 21, 19, 54, 91, 93, 98, 54, 14]
lt_mean_diff=0.03028008924850077
lt_mean_low=9036.995070655976
lt_mean_high=9314.887967767741
lt_stdev=1545.6074254943637
lt_stdev_low=1486.375743915376
lt_stdev_high=1589.5041975077334
